a1567;13	1566	a4750;15	4749	45
a2951;11	2950	a3434;24	3433	41
a5329;19	5328	a817;10	816	38
a4748;8	4747	a4908;12	4907	31
a137;7	136	a49;7	48	31
a2837;11	2836	a4977;4	4976	30
a2785;7	2784	a2874;10	2873	29
a209;23	208	a38;10	37	29
a2863;10	2862	a76;7	75	28
a48;8	47	a95;5	94	28
a1605;33	1604	a1831;9	1830	27
a4042;9	4041	a4922;5	4921	27
a1689;5	1688	a2779;9	2778	27
a344;8	343	a4778;7	4777	25
a4035;9	4034	a800;6	799	25
a4826;16	4825	a70;5	69	24
a1040;6	1039	a1676;7	1675	24
a188;5	187	a584;13	583	23
a1602;7	1601	a3323;12	3322	23
a1567;13	1566	a1699;10	1698	23
a1585;10	1584	a3999;20	3998	22
a1567;13	1566	a1696;7	1695	22
a4992;8	4991	a764;6	763	22
a4759;7	4758	a924;6	923	21
a1692;8	1691	a3991;7	3990	21
a3078;8	3077	a4;8	3	21
a1613;7	1612	a4004;5	4003	21
a1086;12	1085	a3054;9	3053	20
a1755;4	1754	a4493;8	4492	20
a1581;5	1580	a99;6	98	20
a1764;6	1763	a4744;13	4743	20
a1951;7	1950	a4833;5	4832	20
a4237;6	4236	a804;10	803	20
a3164;7	3163	a4916;5	4915	20
a1928;13	1927	a3097;8	3096	19
a157;5	156	a4445;9	4444	19
a281;7	280	a4186;8	4185	19
a3025;12	3024	a3177;6	3176	18
a1747;7	1746	a281;7	280	18
a1858;9	1857	a4759;7	4758	18
a3447;9	3446	a780;7	779	18
a2893;5	2892	a4073;4	4072	18
a4075;5	4074	a931;6	930	18
a2565;7	2564	a282;7	281	17
a4066;5	4065	a462;11	461	17
a1303;9	1302	a4922;5	4921	17
a1643;5	1642	a3080;6	3079	16
a4264;6	4263	a785;6	784	16
a2929;4	2928	a3963;6	3962	16
a2214;4	2213	a4250;10	4249	16
a2885;6	2884	a3124;10	3123	16
a2821;4	2820	a4834;5	4833	16
a1216;5	1215	a4776;5	4775	16
a3090;3	3089	a4114;7	4113	16
a1793;6	1792	a4945;6	4944	15
a1117;5	1116	a3107;4	3106	15
a2047;5	2046	a4888;5	4887	15
a3963;6	3962	a80;4	79	15
a3073;4	3072	a4281;11	4280	15
a1686;6	1685	a3152;5	3151	15
a2279;6	2278	a2375;5	2374	15
a42;6	41	a9;7	8	15
a1688;7	1687	a4342;11	4341	15
a44;3	43	a5023;9	5022	15
a1619;5	1618	a1625;4	1624	14
a2795;5	2794	a3021;6	3020	14
a2063;5	2062	a216;5	215	14
a4217;20	4216	a98;18	97	14
a137;7	136	a2793;9	2792	14
a2120;4	2119	a3261;9	3260	14
a1643;5	1642	a3032;6	3031	14
a2792;4	2791	a3594;5	3593	14
a1573;5	1572	a1686;6	1685	14
a5249;5	5248	a84;6	83	14
a2093;6	2092	a4830;5	4829	14
a2430;8	2429	a3021;6	3020	14
a4838;5	4837	a811;8	810	13
a1883;6	1882	a4129;4	4128	13
a1667;5	1666	a3157;15	3156	13
a3984;3	3983	a4048;5	4047	13
a2131;6	2130	a4898;7	4897	13
a3257;5	3256	a66;5	65	13
a2784;10	2783	a68;5	67	13
a5046;4	5045	a794;4	793	13
a3957;7	3956	a5013;4	5012	13
a4849;4	4848	a763;6	762	13
a1870;3	1869	a1951;7	1950	13
a139;6	138	a863;8	862	13
a2879;11	2878	a4649;8	4648	13
a2250;4	2249	a4736;7	4735	13
a1634;6	1633	a406;8	405	13
a1119;4	1118	a2162;4	2161	13
a2767;6	2766	a2851;5	2850	13
a26;4	25	a4781;5	4780	13
a1684;5	1683	a291;3	290	13
a1827;7	1826	a4763;5	4762	12
a2569;4	2568	a851;4	850	12
a175;6	174	a5293;9	5292	12
a1716;6	1715	a3042;4	3041	12
a18;4	17	a827;5	826	12
a887;3	886	a913;3	912	12
a1968;8	1967	a4895;6	4894	12
a1605;33	1604	a5281;8	5280	12
a4006;5	4005	a438;6	437	12
a387;4	386	a4306;4	4305	12
a2920;14	2919	a3044;5	3043	12
a4802;3	4801	a4811;11	4810	12
a1703;5	1702	a4895;6	4894	12
a2765;11	2764	a4040;4	4039	12
a110;5	109	a93;6	92	12
a2788;6	2787	a5262;4	5261	12
a2339;6	2338	a5078;3	5077	12
a1765;6	1764	a2885;6	2884	12
a3524;4	3523	a4956;3	4955	11
a244;5	243	a2777;6	2776	11
a3486;4	3485	a4797;3	4796	11
a2024;4	2023	a2849;12	2848	11
a4054;5	4053	a4795;7	4794	11
a1714;4	1713	a4968;4	4967	11
a3553;7	3552	a83;5	82	11
a1750;3	1749	a4198;3	4197	11
a1664;4	1663	a3038;4	3037	11
a2009;6	2008	a403;5	402	11
a2767;6	2766	a2805;7	2804	11
a1448;4	1447	a215;5	214	11
a4047;3	4046	a7;5	6	11
a5409;7	5408	a767;8	766	11
a2282;5	2281	a2858;5	2857	11
a4067;4	4066	a73;3	72	11
a2841;8	2840	a4767;26	4766	11
a1591;5	1590	a4026;5	4025	11
a1769;3	1768	a3240;4	3239	11
a1715;4	1714	a5192;4	5191	11
a182;4	181	a917;3	916	11
a3500;12	3499	a933;3	932	10
a2881;4	2880	a841;10	840	10
a4944;5	4943	a804;10	803	10
a2777;6	2776	a4194;3	4193	10
a2066;4	2065	a4894;5	4893	10
a2794;4	2793	a3238;6	3237	10
a171;4	170	a930;2	929	10
a2773;7	2772	a907;5	906	10
a2988;6	2987	a3895;6	3894	10
a2349;7	2348	a2780;3	2779	10
a390;5	389	a817;10	816	10
a1;6	0	a2013;7	2012	10
a499;5	498	a768;7	767	10
a2495;8	2494	a2774;12	2773	10
a3495;4	3494	a3978;9	3977	10
a1816;5	1815	a18;4	17	10
a220;4	219	a916;5	915	10
a12;3	11	a850;3	849	10
a5344;4	5343	a764;6	763	9
a1318;3	1317	a3135;4	3134	9
a5235;4	5234	a830;4	829	9
a3297;13	3296	a4226;5	4225	9
a189;2	188	a3177;6	3176	9
a4763;5	4762	a4859;3	4858	9
a2950;3	2949	a797;2	796	9
a1864;8	1863	a2777;6	2776	9
a1820;5	1819	a3251;8	3250	9
a2867;6	2866	a4419;5	4418	9
a1845;3	1844	a4824;3	4823	9
a4894;5	4893	a787;6	786	9
a1691;4	1690	a3328;5	3327	9
a4052;6	4051	a4;8	3	9
a4521;4	4520	a5196;2	5195	9
a1619;5	1618	a1630;4	1629	9
a2777;6	2776	a420;10	419	9
a2876;3	2875	a761;4	760	9
a2789;4	2788	a813;5	812	9
a40;9	39	a4973;4	4972	9
a2410;3	2409	a3097;8	3096	9
a2353;4	2352	a856;3	855	9
a1901;5	1900	a3165;3	3164	9
a4017;3	4016	a4990;4	4989	9
a30;3	29	a4732;3	4731	9
a1586;3	1585	a3058;4	3057	9
a115;4	114	a1786;3	1785	9
a2835;5	2834	a34;6	33	9
a177;3	176	a4126;3	4125	9
a3057;2	3056	a4048;5	4047	9
a3002;5	3001	a4870;4	4869	9
a1608;5	1607	a4010;4	4009	9
a2388;3	2387	a289;2	288	9
a4342;11	4341	a762;4	761	9
a3391;3	3390	a4010;4	4009	9
a1185;8	1184	a4775;9	4774	9
a2832;5	2831	a4115;3	4114	9
a277;5	276	a863;8	862	9
a1053;4	1052	a779;5	778	9
a1633;4	1632	a2021;4	2020	9
a1608;5	1607	a921;4	920	9
a1581;5	1580	a4911;4	4910	9
a1741;3	1740	a989;4	988	9
a444;3	443	a821;3	820	8
a3167;6	3166	a4038;3	4037	8
a3171;6	3170	a997;3	996	8
a1256;6	1255	a259;5	258	8
a1836;4	1835	a2530;4	2529	8
a1815;5	1814	a3214;3	3213	8
a3817;4	3816	a71;6	70	8
a2115;6	2114	a4770;5	4769	8
a2925;2	2924	a4932;2	4931	8
a175;6	174	a4672;4	4671	8
a1591;5	1590	a1706;5	1705	8
a4785;3	4784	a4890;5	4889	8
a1063;8	1062	a4645;6	4644	8
a3351;6	3350	a91;4	90	8
a2872;5	2871	a4147;7	4146	8
a506;2	505	a5333;3	5332	8
a1624;7	1623	a1649;7	1648	8
a2895;8	2894	a5110;4	5109	8
a5109;3	5108	a968;5	967	8
a1588;6	1587	a5007;6	5006	8
a1663;4	1662	a4475;5	4474	8
a2174;4	2173	a2989;2	2988	8
a1682;2	1681	a4859;3	4858	8
a3140;4	3139	a4043;4	4042	8
a1125;3	1124	a675;5	674	8
a144;3	143	a2341;3	2340	8
a4556;6	4555	a9;7	8	8
a2636;6	2635	a4033;3	4032	8
a1815;5	1814	a4937;3	4936	8
a3161;3	3160	a3588;3	3587	8
a1579;5	1578	a4768;4	4767	8
a1019;8	1018	a4805;4	4804	8
a3071;3	3070	a4007;3	4006	8
a1711;4	1710	a765;4	764	8
a4069;19	4068	a4767;26	4766	8
a3189;5	3188	a4147;7	4146	8
a3307;2	3306	a944;2	943	8
a1367;2	1366	a906;2	905	8
a1613;7	1612	a916;5	915	8
a1665;4	1664	a4804;7	4803	8
a1945;3	1944	a2780;3	2779	8
a1901;5	1900	a770;4	769	8
a4177;3	4176	a930;2	929	8
a1704;3	1703	a1917;3	1916	8
a2790;4	2789	a3979;2	3978	8
a1609;3	1608	a2809;2	2808	8
a1647;7	1646	a3990;5	3989	8
a1019;8	1018	a1094;4	1093	8
a2232;3	2231	a3003;4	3002	8
a4066;5	4065	a4800;4	4799	8
a2853;3	2852	a3520;6	3519	8
a1684;5	1683	a4981;4	4980	8
a264;3	263	a2816;3	2815	8
a3127;4	3126	a778;4	777	8
a12;3	11	a1597;4	1596	8
a4028;12	4027	a4601;3	4600	8
a1778;4	1777	a874;4	873	8
a4873;3	4872	a883;4	882	8
a2637;2	2636	a4746;3	4745	8
a1864;8	1863	a3363;5	3362	7
a1562;3	1561	a4851;3	4850	7
a1920;3	1919	a26;4	25	7
a3542;4	3541	a4473;2	4472	7
a1627;5	1626	a3789;6	3788	7
a4229;4	4228	a4952;5	4951	7
a2096;7	2095	a2097;4	2096	7
a2913;2	2912	a29;8	28	7
a2801;3	2800	a830;4	829	7
a190;6	189	a572;7	571	7
a3074;3	3073	a4231;3	4230	7
a2894;4	2893	a897;3	896	7
a3144;3	3143	a4949;4	4948	7
a169;3	168	a4155;2	4154	7
a2069;2	2068	a4986;4	4985	7
a3255;7	3254	a3317;5	3316	7
a1093;3	1092	a5257;4	5256	7
a203;4	202	a2204;4	2203	7
a2922;5	2921	a3570;7	3569	7
a2922;5	2921	a2942;4	2941	7
a2128;4	2127	a4801;4	4800	7
a2815;2	2814	a3330;3	3329	7
a1961;3	1960	a4336;5	4335	7
a1322;5	1321	a5104;3	5103	7
a2890;2	2889	a2968;4	2967	7
a1702;2	1701	a2049;3	2048	7
a1627;5	1626	a2964;4	2963	7
a773;2	772	a94;3	93	7
a246;2	245	a612;6	611	7
a2025;3	2024	a2814;4	2813	7
a13;3	12	a871;3	870	7
a4854;11	4853	a5048;13	5047	7
a541;3	540	a97;3	96	7
a4686;6	4685	a771;9	770	7
a1175;3	1174	a3984;3	3983	7
a154;3	153	a1983;3	1982	7
a785;6	784	a850;3	849	7
a2066;4	2065	a4306;4	4305	7
a151;2	150	a2473;5	2472	7
a1590;3	1589	a458;4	457	7
a769;3	768	a928;2	927	7
a4834;5	4833	a772;4	771	7
a4740;5	4739	a921;4	920	7
a2781;3	2780	a97;3	96	7
a4141;4	4140	a4231;3	4230	7
a1939;3	1938	a4179;3	4178	7
a2021;4	2020	a3;5	2	7
a3368;3	3367	a399;4	398	7
a2047;5	2046	a2839;4	2838	7
a1444;2	1443	a2397;2	2396	7
a3046;4	3045	a3418;3	3417	7
a3974;10	3973	a4242;2	4241	7
a4199;3	4198	a4803;8	4802	7
a2775;2	2774	a4875;3	4874	7
a1616;3	1615	a230;2	229	7
a5275;4	5274	a883;4	882	7
a1741;3	1740	a5207;3	5206	7
a1334;9	1333	a1578;5	1577	7
a126;4	125	a4994;4	4993	7
a1388;2	1387	a835;3	834	6
a2810;3	2809	a5174;2	5173	6
a2043;4	2042	a819;2	818	6
a477;3	476	a812;8	811	6
a3161;3	3160	a869;4	868	6
a2172;3	2171	a446;4	445	6
a1662;3	1661	a3009;2	3008	6
a1012;3	1011	a939;4	938	6
a3133;3	3132	a958;2	957	6
a1082;3	1081	a3978;9	3977	6
a374;3	373	a3982;3	3981	6
a3995;10	3994	a918;4	917	6
a14;4	13	a1642;2	1641	6
a299;2	298	a3209;2	3208	6
a228;3	227	a4747;2	4746	6
a1174;2	1173	a4230;2	4229	6
a3056;3	3055	a5013;4	5012	6
a1681;3	1680	a2862;2	2861	6
a2048;4	2047	a2947;5	2946	6
a1634;6	1633	a3991;7	3990	6
a36;2	35	a904;2	903	6
a2575;7	2574	a4969;4	4968	6
a4386;2	4385	a911;3	910	6
a1017;2	1016	a2163;3	2162	6
a1059;4	1058	a3251;8	3250	6
a1484;3	1483	a1754;2	1753	6
a159;3	158	a5400;5	5399	6
a4462;4	4461	a5240;3	5239	6
a407;4	406	a4991;5	4990	6
a2797;3	2796	a4149;3	4148	6
a1941;3	1940	a4110;2	4109	6
a3216;2	3215	a4830;5	4829	6
a440;2	439	a873;6	872	6
a3380;3	3379	a4843;3	4842	6
a1570;5	1569	a4213;3	4212	6
a1725;4	1724	a3140;4	3139	6
a4047;3	4046	a858;3	857	6
a3499;6	3498	a4244;3	4243	6
a2807;4	2806	a4038;3	4037	6
a1578;5	1577	a2631;7	2630	6
a1047;3	1046	a2829;3	2828	6
a1897;3	1896	a4740;5	4739	6
a167;2	166	a4818;3	4817	6
a3288;3	3287	a4149;3	4148	6
a389;3	388	a4996;3	4995	6
a3049;3	3048	a4611;4	4610	6
a1986;2	1985	a2081;4	2080	6
a3604;3	3603	a3970;3	3969	6
a4251;3	4250	a4456;2	4455	6
a4948;3	4947	a5064;5	5063	6
a1806;3	1805	a2883;7	2882	6
a3367;3	3366	a54;3	53	6
a3001;2	3000	a896;3	895	6
a146;3	145	a1602;7	1601	6
a1018;3	1017	a1965;3	1964	6
a4013;4	4012	a4984;3	4983	6
a2419;3	2418	a2918;2	2917	6
a1315;3	1314	a3490;2	3489	6
a1029;3	1028	a3506;5	3505	6
a3003;4	3002	a4076;3	4075	6
a2762;4	2761	a2972;3	2971	6
a1769;3	1768	a60;4	59	6
a1144;3	1143	a351;2	350	6
a2371;3	2370	a3989;3	3988	6
a1006;3	1005	a1680;2	1679	6
a2016;3	2015	a603;3	602	6
a2046;3	2045	a2115;6	2114	6
a3038;4	3037	a915;3	914	6
a403;5	402	a827;5	826	6
a1802;3	1801	a949;3	948	6
a479;2	478	a834;3	833	6
a1663;4	1662	a80;4	79	6
a2501;5	2500	a2883;7	2882	6
a1954;4	1953	a778;4	777	6
a145;3	144	a4197;6	4196	6
a3719;5	3718	a379;4	378	6
a4067;4	4066	a4852;2	4851	6
a1675;3	1674	a3199;3	3198	6
a159;3	158	a4868;4	4867	6
a1773;2	1772	a2824;3	2823	6
a2361;6	2360	a4736;7	4735	6
a1889;3	1888	a2871;2	2870	6
a1108;3	1107	a769;3	768	6
a2907;3	2906	a3836;5	3835	6
a3181;4	3180	a4122;4	4121	6
a1890;3	1889	a2807;4	2806	6
a1889;3	1888	a3000;6	2999	6
a4041;3	4040	a4338;4	4337	5
a2100;2	2099	a4776;5	4775	5
a1964;3	1963	a4086;2	4085	5
a247;2	246	a911;3	910	5
a1595;2	1594	a341;3	340	5
a4136;3	4135	a5002;3	5001	5
a1094;4	1093	a4805;4	4804	5
a3324;4	3323	a4955;4	4954	5
a383;4	382	a4822;4	4821	5
a1716;6	1715	a3731;2	3730	5
a3410;3	3409	a4308;2	4307	5
a1217;2	1216	a4890;5	4889	5
a206;4	205	a4321;5	4320	5
a263;2	262	a3617;4	3616	5
a2;3	1	a57;2	56	5
a1165;2	1164	a2870;3	2869	5
a16;8	15	a5217;3	5216	5
a2994;3	2993	a4591;2	4590	5
a2931;2	2930	a974;3	973	5
a2046;3	2045	a4770;5	4769	5
a4056;2	4055	a8;3	7	5
a1037;3	1036	a231;2	230	5
a1040;6	1039	a1305;3	1304	5
a193;4	192	a2930;2	2929	5
a2873;7	2872	a587;4	586	5
a5239;2	5238	a974;3	973	5
a1679;2	1678	a914;3	913	5
a3433;3	3432	a3951;3	3950	5
a3046;4	3045	a4754;4	4753	5
a126;4	125	a2814;4	2813	5
a1189;2	1188	a162;2	161	5
a4241;2	4240	a4829;2	4828	5
a1776;3	1775	a5470;3	5469	5
a174;2	173	a4367;2	4366	5
a2927;3	2926	a40;9	39	5
a4091;9	4090	a771;9	770	5
a1572;5	1571	a2839;4	2838	5
a2032;3	2031	a451;4	450	5
a1186;2	1185	a2979;2	2978	5
a1205;3	1204	a4234;2	4233	5
a108;3	107	a1233;3	1232	5
a117;4	116	a4910;3	4909	5
a1359;3	1358	a2692;3	2691	5
a3353;3	3352	a437;4	436	5
a1610;4	1609	a4816;12	4815	5
a1088;3	1087	a4104;3	4103	5
a1284;3	1283	a4850;6	4849	5
a2232;3	2231	a834;3	833	5
a3114;3	3113	a4027;4	4026	5
a1721;3	1720	a2137;5	2136	5
a5153;2	5152	a828;2	827	5
a3794;2	3793	a4265;4	4264	5
a1192;2	1191	a2855;3	2854	5
a1188;3	1187	a5176;4	5175	5
a1652;3	1651	a3045;2	3044	5
a1438;3	1437	a4049;7	4048	5
a145;3	144	a4989;2	4988	5
a1723;2	1722	a335;3	334	5
a4437;4	4436	a886;3	885	5
a3789;6	3788	a4733;5	4732	5
a2013;7	2012	a2933;3	2932	5
a5116;3	5115	a5344;4	5343	5
a3680;2	3679	a4222;2	4221	5
a298;4	297	a4639;3	4638	5
a2980;2	2979	a522;6	521	5
a1569;3	1568	a4772;7	4771	5
a1036;3	1035	a1865;2	1864	5
a1246;2	1245	a2855;3	2854	5
a3273;3	3272	a3379;4	3378	5
a1572;5	1571	a4100;4	4099	5
a1038;3	1037	a789;2	788	5
a19;5	18	a4289;3	4288	5
a1278;3	1277	a4026;5	4025	5
a184;7	183	a3570;7	3569	5
a2526;3	2525	a2987;4	2986	5
a1954;4	1953	a3127;4	3126	5
a4131;7	4130	a811;8	810	5
a1119;4	1118	a1871;3	1870	5
a1703;5	1702	a5381;2	5380	5
a1586;3	1585	a3768;4	3767	5
a4869;2	4868	a5059;4	5058	5
a4763;5	4762	a5377;6	5376	5
a1592;3	1591	a254;3	253	5
a1577;5	1576	a4969;4	4968	5
a3174;3	3173	a4948;3	4947	5
a824;4	823	a846;6	845	5
a118;3	117	a2067;3	2066	5
a1586;3	1585	a4771;3	4770	5
a161;3	160	a2828;3	2827	5
a1572;5	1571	a2047;5	2046	5
a2944;2	2943	a3127;4	3126	5
a2091;3	2090	a4792;2	4791	5
a2873;7	2872	a5220;3	5219	5
a2981;5	2980	a4016;3	4015	5
a3486;4	3485	a794;4	793	5
a1945;3	1944	a5270;2	5269	5
a3189;5	3188	a4871;4	4870	5
a2772;4	2771	a4080;4	4079	5
a4120;7	4119	a83;5	82	5
a1303;9	1302	a3956;5	3955	5
a2398;3	2397	a4672;4	4671	5
a1516;4	1515	a198;2	197	5
a1840;2	1839	a4751;2	4750	5
a3054;9	3053	a382;2	381	5
a4757;3	4756	a5177;4	5176	5
a1578;5	1577	a4806;3	4805	5
a858;3	857	a966;3	965	5
a3442;3	3441	a455;5	454	5
a1394;2	1393	a1943;2	1942	5
a1154;3	1153	a4158;3	4157	5
a2087;3	2086	a2811;4	2810	5
a3532;3	3531	a4762;9	4761	5
a2872;5	2871	a4305;3	4304	5
a4792;2	4791	a4865;2	4864	5
a1148;2	1147	a2815;2	2814	5
a254;3	253	a4764;4	4763	5
a1908;2	1907	a2871;2	2870	5
a3007;3	3006	a624;4	623	5
a2994;3	2993	a3528;3	3527	5
a3317;5	3316	a932;2	931	5
a2112;3	2111	a5386;4	5385	5
a1152;6	1151	a935;3	934	5
a3122;4	3121	a4939;3	4938	5
a3951;3	3950	a4813;3	4812	5
a2293;4	2292	a4972;2	4971	5
a3691;3	3690	a5184;4	5183	5
a3461;5	3460	a3487;4	3486	5
a1014;3	1013	a3698;5	3697	5
a3173;3	3172	a3755;3	3754	5
a1806;3	1805	a4135;3	4134	5
a5054;4	5053	a5119;2	5118	4
a1733;4	1732	a1788;3	1787	4
a144;3	143	a3375;4	3374	4
a2241;2	2240	a473;4	472	4
a590;2	589	a990;2	989	4
a1125;3	1124	a4105;3	4104	4
a1460;3	1459	a4057;3	4056	4
a1726;3	1725	a759;2	758	4
a1927;3	1926	a3076;2	3075	4
a1231;2	1230	a331;4	330	4
a4236;2	4235	a4296;2	4295	4
a1045;2	1044	a4957;3	4956	4
a2539;4	2538	a4870;4	4869	4
a5012;4	5011	a631;3	630	4
a5347;4	5346	a765;4	764	4
a2911;3	2910	a911;3	910	4
a2027;3	2026	a2763;3	2762	4
a2006;2	2005	a4597;4	4596	4
a2803;3	2802	a5408;2	5407	4
a1032;2	1031	a297;2	296	4
a1988;2	1987	a3968;2	3967	4
a2927;3	2926	a4079;2	4078	4
a374;3	373	a4769;3	4768	4
a1720;3	1719	a2919;2	2918	4
a390;5	389	a4280;2	4279	4
a4916;5	4915	a81;3	80	4
a184;7	183	a2922;5	2921	4
a1577;5	1576	a2575;7	2574	4
a2456;3	2455	a2725;4	2724	4
a1059;4	1058	a1820;5	1819	4
a2505;4	2504	a927;2	926	4
a3991;7	3990	a406;8	405	4
a106;3	105	a1757;2	1756	4
a4175;2	4174	a780;7	779	4
a1110;3	1109	a17;7	16	4
a126;4	125	a2389;3	2388	4
a1669;2	1668	a375;2	374	4
a1024;3	1023	a3757;2	3756	4
a1305;3	1304	a778;4	777	4
a1293;4	1292	a1895;2	1894	4
a249;3	248	a825;3	824	4
a4790;2	4789	a5089;3	5088	4
a1736;2	1735	a3312;4	3311	4
a1813;3	1812	a4768;4	4767	4
a4073;4	4072	a4967;3	4966	4
a2639;5	2638	a2846;10	2845	4
a3688;2	3687	a4285;4	4284	4
a4818;3	4817	a871;3	870	4
a4765;2	4764	a5016;2	5015	4
a1896;3	1895	a3317;5	3316	4
a4146;2	4145	a837;3	836	4
a1649;7	1648	a1699;10	1698	4
a1764;6	1763	a2340;3	2339	4
a2962;2	2961	a587;4	586	4
a5182;3	5181	a66;5	65	4
a1203;2	1202	a3355;2	3354	4
a1487;2	1486	a838;2	837	4
a1362;2	1361	a3336;2	3335	4
a2237;2	2236	a3045;2	3044	4
a201;4	200	a4541;3	4540	4
a2861;2	2860	a982;2	981	4
a1625;4	1624	a1639;3	1638	4
a4856;2	4855	a942;2	941	4
a5060;2	5059	a728;4	727	4
a1402;2	1401	a5406;2	5405	4
a2801;3	2800	a4844;3	4843	4
a2107;4	2106	a302;2	301	4
a3077;2	3076	a5135;4	5134	4
a1787;2	1786	a4090;3	4089	4
a199;2	198	a545;2	544	4
a4025;2	4024	a971;3	970	4
a2915;2	2914	a3917;3	3916	4
a1645;3	1644	a2986;2	2985	4
a1354;2	1353	a2572;5	2571	4
a1895;2	1894	a2514;3	2513	4
a1421;2	1420	a170;2	169	4
a3163;2	3162	a3987;3	3986	4
a1180;4	1179	a1664;4	1663	4
a4606;2	4605	a940;3	939	4
a1865;2	1864	a3160;2	3159	4
a3901;3	3900	a4762;9	4761	4
a249;3	248	a4914;2	4913	4
a1633;4	1632	a1651;2	1650	4
a2858;5	2857	a4037;5	4036	4
a4526;4	4525	a553;2	552	4
a1394;2	1393	a1670;2	1669	4
a2043;4	2042	a3900;3	3899	4
a1001;3	1000	a3518;4	3517	4
a1592;3	1591	a4764;4	4763	4
a2897;2	2896	a3776;3	3775	4
a3324;4	3323	a5275;4	5274	4
a20;5	19	a3288;3	3287	4
a2801;3	2800	a5095;3	5094	4
a270;2	269	a2782;2	2781	4
a3421;2	3420	a5003;3	5002	4
a4260;3	4259	a457;3	456	4
a3876;3	3875	a82;2	81	4
a3880;3	3879	a4049;7	4048	4
a1575;6	1574	a4075;5	4074	4
a3571;2	3570	a4161;3	4160	4
a1651;2	1650	a2956;2	2955	4
a2176;4	2175	a947;5	946	4
a100;3	99	a4116;4	4115	4
a2934;3	2933	a4186;8	4185	4
a2355;2	2354	a251;3	250	4
a1430;4	1429	a3211;2	3210	4
a2533;9	2532	a3430;5	3429	4
a1587;2	1586	a879;4	878	4
a4080;4	4079	a5288;2	5287	4
a2886;3	2885	a4279;3	4278	4
a1173;3	1172	a32;3	31	4
a2543;2	2542	a4032;3	4031	4
a4239;3	4238	a945;2	944	4
a274;3	273	a4739;5	4738	4
a445;3	444	a4766;3	4765	4
a3056;3	3055	a5210;2	5209	4
a1952;2	1951	a3143;2	3142	4
a3390;2	3389	a551;2	550	4
a1845;3	1844	a4754;4	4753	4
a1652;3	1651	a4260;3	4259	4
a4171;2	4170	a597;3	596	4
a2014;2	2013	a835;3	834	4
a2342;2	2341	a4179;3	4178	4
a2546;2	2545	a448;3	447	4
a3113;4	3112	a3304;3	3303	4
a772;4	771	a86;3	85	4
a271;2	270	a3242;3	3241	4
a3148;2	3147	a3654;3	3653	4
a3349;2	3348	a4958;3	4957	4
a2571;3	2570	a5199;2	5198	4
a1165;2	1164	a278;3	277	4
a4074;3	4073	a4897;3	4896	4
a35;2	34	a425;2	424	4
a2680;6	2679	a4336;5	4335	4
a4104;3	4103	a4768;4	4767	4
a3020;2	3019	a4831;4	4830	4
a5157;2	5156	a790;2	789	4
a169;3	168	a3349;2	3348	4
a449;2	448	a4906;4	4905	4
a3223;4	3222	a416;2	415	4
a1479;3	1478	a779;5	778	4
a42;6	41	a4556;6	4555	4
a172;2	171	a3619;3	3618	4
a1213;2	1212	a3211;2	3210	4
a281;7	280	a2934;3	2933	4
a4626;2	4625	a5223;2	5222	4
a4305;3	4304	a4382;3	4381	4
a1630;4	1629	a2297;2	2296	4
a2381;2	2380	a5236;3	5235	4
a2796;2	2795	a683;3	682	4
a2465;3	2464	a341;3	340	4
a2095;2	2094	a4477;2	4476	4
a1726;3	1725	a228;3	227	4
a1652;3	1651	a457;3	456	4
a1694;2	1693	a3082;2	3081	4
a1053;4	1052	a3070;3	3069	4
a1063;8	1062	a4919;7	4918	4
a2389;3	2388	a4994;4	4993	4
a1724;3	1723	a2406;3	2405	4
a136;2	135	a419;2	418	4
a1909;2	1908	a997;3	996	4
a1844;3	1843	a4357;2	4356	4
a1715;4	1714	a2862;2	2861	4
a3360;3	3359	a38;10	37	4
a1068;2	1067	a2403;3	2402	4
a3215;3	3214	a4988;2	4987	4
a1199;2	1198	a4325;4	4324	4
a3138;2	3137	a49;7	48	4
a4408;2	4407	a712;2	711	4
a2064;4	2063	a4165;4	4164	4
a4006;5	4005	a811;8	810	4
a3712;4	3711	a3962;2	3961	4
a2181;2	2180	a2926;2	2925	4
a5053;2	5052	a5452;3	5451	4
a1065;3	1064	a4883;3	4882	4
a2942;4	2941	a761;4	760	4
a712;2	711	a990;2	989	4
a2060;2	2059	a5144;2	5143	4
a1605;33	1604	a4667;3	4666	4
a1196;3	1195	a2856;8	2855	4
a4069;19	4068	a702;14	701	4
a219;3	218	a3504;2	3503	4
a4116;4	4115	a4883;3	4882	4
a2030;2	2029	a3848;3	3847	4
a1974;3	1973	a844;2	843	4
a4018;2	4017	a67;8	66	4
a3215;3	3214	a4249;3	4248	4
a4037;5	4036	a651;4	650	4
a1644;2	1643	a1723;2	1722	4
a2400;3	2399	a5007;6	5006	4
a1792;3	1791	a1978;3	1977	4
a3987;3	3986	a91;4	90	4
a3072;2	3071	a448;3	447	4
a1661;2	1660	a4238;2	4237	4
a1860;2	1859	a855;4	854	4
a4731;2	4730	a4738;3	4737	4
a3411;3	3410	a4441;4	4440	4
a216;5	215	a3955;2	3954	4
a5356;2	5355	a877;2	876	4
a3638;3	3637	a3980;3	3979	4
a1580;4	1579	a818;5	817	4
a2061;2	2060	a432;3	431	4
a1048;3	1047	a4807;2	4806	4
a1579;5	1578	a5429;3	5428	4
a1640;2	1639	a4960;2	4959	4
a4736;7	4735	a4863;3	4862	4
a1967;3	1966	a4290;3	4289	4
a1030;4	1029	a4080;4	4079	4
a1748;3	1747	a1947;2	1946	4
a1829;2	1828	a2044;2	2043	4
a1700;4	1699	a8;3	7	4
a1531;4	1530	a3490;2	3489	4
a1991;2	1990	a4968;4	4967	4
a2106;2	2105	a3986;2	3985	4
a4929;2	4928	a791;2	790	4
a3595;2	3594	a4057;3	4056	3
a1626;3	1625	a3311;2	3310	3
a1652;3	1651	a1837;4	1836	3
a1647;7	1646	a2773;7	2772	3
a468;2	467	a909;2	908	3
a1595;2	1594	a2925;2	2924	3
a1808;3	1807	a3530;2	3529	3
a2884;2	2883	a4076;3	4075	3
a2120;4	2119	a240;4	239	3
a1721;3	1720	a407;4	406	3
a2328;2	2327	a2979;2	2978	3
a1022;2	1021	a195;3	194	3
a529;3	528	a947;5	946	3
a1677;2	1676	a956;2	955	3
a5357;3	5356	a997;3	996	3
a1337;2	1336	a3184;2	3183	3
a1270;3	1269	a262;2	261	3
a1097;2	1096	a3697;3	3696	3
a1625;4	1624	a215;5	214	3
a3099;2	3098	a5188;2	5187	3
a2248;2	2247	a3491;2	3490	3
a2327;2	2326	a5314;3	5313	3
a3414;3	3413	a3452;2	3451	3
a2769;3	2768	a4760;11	4759	3
a3051;2	3050	a4828;3	4827	3
a1107;2	1106	a4269;2	4268	3
a2596;2	2595	a4379;3	4378	3
a2125;2	2124	a2946;2	2945	3
a4590;2	4589	a5256;3	5255	3
a5091;2	5090	a5125;3	5124	3
a3211;2	3210	a4959;3	4958	3
a4101;2	4100	a691;2	690	3
a1937;2	1936	a47;2	46	3
a1079;3	1078	a4614;2	4613	3
a1521;2	1520	a4586;3	4585	3
a3746;2	3745	a4256;2	4255	3
a3219;3	3218	a3642;3	3641	3
a3642;3	3641	a5439;3	5438	3
a2702;2	2701	a760;2	759	3
a1896;3	1895	a3221;3	3220	3
a2846;10	2845	a3383;2	3382	3
a3419;2	3418	a53;3	52	3
a458;4	457	a4701;3	4700	3
a1725;4	1724	a3663;3	3662	3
a2595;2	2594	a2865;2	2864	3
a3877;2	3876	a4682;3	4681	3
a172;2	171	a3421;2	3420	3
a1220;2	1219	a3365;2	3364	3
a25;2	24	a2971;2	2970	3
a2561;2	2560	a3321;2	3320	3
a2072;2	2071	a3833;2	3832	3
a1673;3	1672	a2519;2	2518	3
a3953;3	3952	a4545;2	4544	3
a4315;3	4314	a59;2	58	3
a184;7	183	a2942;4	2941	3
a2900;2	2899	a3669;3	3668	3
a4479;2	4478	a802;4	801	3
a3781;2	3780	a5324;2	5323	3
a3047;3	3046	a3266;4	3265	3
a4069;19	4068	a4854;11	4853	3
a1178;2	1177	a4989;2	4988	3
a208;2	207	a2973;2	2972	3
a4834;5	4833	a86;3	85	3
a1716;6	1715	a93;6	92	3
a3480;4	3479	a4046;2	4045	3
a2818;16	2817	a371;3	370	3
a4392;3	4391	a824;4	823	3
a1497;3	1496	a5407;2	5406	3
a4249;3	4248	a4988;2	4987	3
a1958;2	1957	a3991;7	3990	3
a2300;2	2299	a4731;2	4730	3
a1802;3	1801	a5378;2	5377	3
a3285;4	3284	a5339;2	5338	3
a2141;2	2140	a2614;4	2613	3
a3472;2	3471	a4098;2	4097	3
a3284;2	3283	a696;2	695	3
a1266;2	1265	a944;2	943	3
a3330;3	3329	a3682;2	3681	3
a1606;9	1605	a4795;7	4794	3
a103;2	102	a3353;3	3352	3
a4017;3	4016	a4100;4	4099	3
a5092;5	5091	a979;4	978	3
a1627;5	1626	a4733;5	4732	3
a1088;3	1087	a2656;2	2655	3
a2798;2	2797	a2939;2	2938	3
a1981;2	1980	a660;2	659	3
a2917;2	2916	a496;3	495	3
a1360;3	1359	a614;2	613	3
a1219;3	1218	a4360;2	4359	3
a278;3	277	a3690;2	3689	3
a1070;3	1069	a949;3	948	3
a2069;2	2068	a2447;2	2446	3
a2887;2	2886	a3185;2	3184	3
a1562;3	1561	a7;5	6	3
a3297;13	3296	a4122;4	4121	3
a1028;4	1027	a2907;3	2906	3
a1981;2	1980	a832;2	831	3
a1006;3	1005	a4335;3	4334	3
a177;3	176	a3634;2	3633	3
a1194;3	1193	a5051;3	5050	3
a127;2	126	a5067;2	5066	3
a3189;5	3188	a3898;2	3897	3
a3522;3	3521	a4740;5	4739	3
a3004;2	3003	a4103;2	4102	3
a1814;3	1813	a5398;3	5397	3
a496;3	495	a5384;4	5383	3
a3232;2	3231	a385;4	384	3
a1248;2	1247	a2457;4	2456	3
a1837;4	1836	a3045;2	3044	3
a1708;2	1707	a2900;2	2899	3
a3863;3	3862	a4928;2	4927	3
a101;6	100	a1155;3	1154	3
a394;2	393	a4228;2	4227	3
a3183;2	3182	a3259;2	3258	3
a19;5	18	a4530;2	4529	3
a3460;2	3459	a4201;2	4200	3
a724;3	723	a993;4	992	3
a4969;4	4968	a547;2	546	3
a2860;2	2859	a4995;2	4994	3
a1018;3	1017	a2128;4	2127	3
a3886;4	3885	a4652;2	4651	3
a3008;2	3007	a5132;2	5131	3
a2810;3	2809	a586;3	585	3
a4879;2	4878	a866;3	865	3
a1142;3	1141	a2443;3	2442	3
a3073;4	3072	a846;6	845	3
a4866;3	4865	a805;3	804	3
a2622;3	2621	a4273;3	4272	3
a4981;4	4980	a94;3	93	3
a1005;2	1004	a2576;2	2575	3
a1907;7	1906	a2137;5	2136	3
a1599;2	1598	a5069;2	5068	3
a1842;2	1841	a4071;3	4070	3
a282;7	281	a644;2	643	3
a2218;2	2217	a3518;4	3517	3
a1999;4	1998	a5346;2	5345	3
a2797;3	2796	a3964;2	3963	3
a4078;3	4077	a4902;2	4901	3
a3192;4	3191	a805;3	804	3
a4874;3	4873	a888;2	887	3
a4336;5	4335	a524;2	523	3
a1971;3	1970	a4882;2	4881	3
a2525;2	2524	a4208;2	4207	3
a5198;2	5197	a641;2	640	3
a2753;3	2752	a4064;2	4063	3
a1055;3	1054	a2510;2	2509	3
a5341;3	5340	a847;2	846	3
a1098;3	1097	a3684;3	3683	3
a3155;2	3154	a775;2	774	3
a4620;4	4619	a4975;2	4974	3
a1442;3	1441	a1643;5	1642	3
a158;2	157	a2399;2	2398	3
a3168;5	3167	a4;8	3	3
a1996;2	1995	a3193;3	3192	3
a3382;2	3381	a4236;2	4235	3
a1722;2	1721	a3761;3	3760	3
a2245;2	2244	a3399;2	3398	3
a1795;2	1794	a4488;2	4487	3
a3369;2	3368	a4599;2	4598	3
a1782;4	1781	a2493;4	2492	3
a2161;2	2160	a2974;2	2973	3
a3695;2	3694	a4508;3	4507	3
a3111;2	3110	a3972;2	3971	3
a2133;3	2132	a2257;2	2256	3
a4833;5	4832	a757;4	756	3
a4390;2	4389	a5310;2	5309	3
a1408;2	1407	a3374;2	3373	3
a409;4	408	a5183;2	5182	3
a1198;2	1197	a2084;5	2083	3
a1261;2	1260	a2394;2	2393	3
a1914;2	1913	a1984;2	1983	3
a1806;3	1805	a890;2	889	3
a2676;2	2675	a69;2	68	3
a2927;3	2926	a4809;3	4808	3
a23;2	22	a4692;2	4691	3
a147;3	146	a3201;3	3200	3
a298;4	297	a3286;2	3285	3
a1765;6	1764	a1866;2	1865	3
a1522;2	1521	a3693;2	3692	3
a3065;4	3064	a3300;3	3299	3
a4177;3	4176	a913;3	912	3
a1983;3	1982	a530;2	529	3
a2029;2	2028	a2320;2	2319	3
a2387;2	2386	a3361;2	3360	3
a2062;2	2061	a5167;2	5166	3
a1460;3	1459	a1896;3	1895	3
a1004;2	1003	a2538;2	2537	3
a1714;4	1713	a560;2	559	3
a3047;3	3046	a5225;2	5224	3
a1003;2	1002	a4197;6	4196	3
a2810;3	2809	a667;2	666	3
a2845;3	2844	a2911;3	2910	3
a3198;2	3197	a4151;3	4150	3
a1890;3	1889	a4038;3	4037	3
a2021;4	2020	a770;4	769	3
a3506;5	3505	a45;2	44	3
a2041;2	2040	a2797;3	2796	3
a1926;2	1925	a3094;3	3093	3
a1970;3	1969	a4112;3	4111	3
a2886;3	2885	a3125;2	3124	3
a3472;2	3471	a3525;2	3524	3
a2182;3	2181	a2341;3	2340	3
a2701;4	2700	a3987;3	3986	3
a1223;2	1222	a5175;2	5174	3
a3141;2	3140	a5065;2	5064	3
a2825;2	2824	a402;2	401	3
a4906;4	4905	a5304;2	5303	3
a4202;2	4201	a889;2	888	3
a1780;2	1779	a2144;2	2143	3
a1804;2	1803	a2504;2	2503	3
a2851;5	2850	a5292;2	5291	3
a278;3	277	a3659;2	3658	3
a292;2	291	a3270;2	3269	3
a2246;2	2245	a4984;3	4983	3
a3;5	2	a770;4	769	3
a1842;2	1841	a4869;2	4868	3
a1161;3	1160	a1594;3	1593	3
a2475;3	2474	a3442;3	3441	3
a1052;2	1051	a3652;3	3651	3
a1602;7	1601	a2247;2	2246	3
a2234;2	2233	a487;2	486	3
a4477;2	4476	a843;2	842	3
a3037;2	3036	a4059;3	4058	3
a1678;2	1677	a2550;2	2549	3
a2603;2	2602	a4852;2	4851	3
a2308;3	2307	a2972;3	2971	3
a3586;3	3585	a5263;2	5262	3
a4682;3	4681	a4852;2	4851	3
a3202;5	3201	a3713;2	3712	3
a1718;2	1717	a609;2	608	3
a1420;2	1419	a1713;2	1712	3
a2136;3	2135	a4606;2	4605	3
a2931;2	2930	a4062;2	4061	3
a511;4	510	a5357;3	5356	3
a5078;3	5077	a90;2	89	3
a186;2	185	a909;2	908	3
a1580;4	1579	a1863;2	1862	3
a3200;2	3199	a821;3	820	3
a1050;2	1049	a4361;2	4360	3
a380;2	379	a4853;2	4852	3
a1107;2	1106	a4444;2	4443	3
a2629;2	2628	a4777;2	4776	3
a1609;3	1608	a954;3	953	3
a3328;5	3327	a5374;2	5373	3
a3069;2	3068	a3459;2	3458	3
a211;2	210	a4558;2	4557	3
a292;2	291	a4293;2	4292	3
a271;2	270	a2828;3	2827	3
a3618;2	3617	a3841;2	3840	3
a4004;5	4003	a5498;4	5497	3
a121;2	120	a4272;2	4271	3
a2446;2	2445	a4806;3	4805	3
a1967;3	1966	a2187;2	2186	3
a1153;2	1152	a145;3	144	3
a4270;2	4269	a5382;2	5381	3
a5048;13	5047	a702;14	701	3
a1622;3	1621	a840;2	839	3
a2736;2	2735	a321;2	320	3
a2330;2	2329	a955;3	954	3
a1249;3	1248	a1920;3	1919	3
a1822;3	1821	a5056;2	5055	3
a118;3	117	a2436;2	2435	3
a426;3	425	a5364;2	5363	3
a342;4	341	a4964;2	4963	3
a366;2	365	a95;5	94	3
a2959;3	2958	a4828;3	4827	3
a1365;2	1364	a3012;2	3011	3
a1376;2	1375	a815;2	814	3
a2264;2	2263	a2999;2	2998	3
a3120;3	3119	a3345;2	3344	3
a1589;2	1588	a802;4	801	3
a4034;3	4033	a4581;3	4580	3
a3069;2	3068	a4111;4	4110	3
a1045;2	1044	a3983;3	3982	3
a166;2	165	a2207;2	2206	3
a1537;2	1536	a3585;2	3584	3
a3413;3	3412	a380;2	379	3
a2772;4	2771	a4800;4	4799	3
a114;2	113	a4222;2	4221	3
a2036;3	2035	a4172;2	4171	3
a4005;2	4004	a4205;2	4204	3
a2633;3	2632	a4542;2	4541	3
a2050;2	2049	a3193;3	3192	3
a1030;4	1029	a4800;4	4799	3
a2256;2	2255	a76;7	75	3
a1129;2	1128	a5060;2	5059	3
a1191;4	1190	a2011;6	2010	3
a1363;2	1362	a4311;2	4310	3
a4933;2	4932	a68;5	67	3
a1152;6	1151	a3473;2	3472	3
a1786;3	1785	a2870;3	2869	3
a4536;2	4535	a583;2	582	3
a1121;2	1120	a2973;2	2972	3
a2096;7	2095	a434;2	433	3
a202;2	201	a4001;2	4000	3
a2427;2	2426	a4209;3	4208	3
a256;2	255	a473;4	472	3
a4772;7	4771	a860;4	859	3
a4994;4	4993	a961;3	960	3
a3300;3	3299	a4277;2	4276	3
a1209;2	1208	a1323;2	1322	3
a3042;4	3041	a5042;2	5041	3
a1387;3	1386	a38;10	37	3
a1417;3	1416	a4160;2	4159	3
a1046;3	1045	a2448;2	2447	3
a4112;3	4111	a813;5	812	3
a3116;2	3115	a5036;3	5035	3
a3997;3	3996	a58;3	57	3
a217;2	216	a918;4	917	3
a1869;2	1868	a4060;2	4059	3
a3785;2	3784	a4759;7	4758	3
a20;5	19	a5431;2	5430	3
a2884;2	2883	a671;2	670	3
a2012;2	2011	a4577;2	4576	3
a2475;3	2474	a4079;2	4078	3
a2558;2	2557	a2688;2	2687	3
a4376;2	4375	a680;2	679	3
a3859;2	3858	a5280;2	5279	3
a3864;2	3863	a4893;2	4892	3
a5224;2	5223	a5311;4	5310	3
a2353;4	2352	a4115;3	4114	3
a1675;3	1674	a708;4	707	3
a3082;2	3081	a4960;2	4959	3
a2705;2	2704	a5303;2	5302	3
a4122;4	4121	a4226;5	4225	3
a3028;2	3027	a395;2	394	3
a3074;3	3073	a4043;4	4042	3
a3100;2	3099	a3246;2	3245	3
a273;3	272	a4846;2	4845	3
a2421;2	2420	a5243;4	5242	3
a2255;2	2254	a786;2	785	3
a2791;2	2790	a4620;4	4619	3
a2084;5	2083	a3076;2	3075	3
a4911;4	4910	a5319;3	5318	3
a1409;2	1408	a457;3	456	3
a2299;2	2298	a3011;3	3010	3
a1700;4	1699	a4180;2	4179	3
a3296;2	3295	a3975;6	3974	3
a4129;4	4128	a4798;3	4797	3
a1239;2	1238	a4373;2	4372	3
a1168;3	1167	a1767;2	1766	3
a1972;2	1971	a3599;3	3598	3
a1340;3	1339	a2033;10	2032	3
a15;2	14	a3506;5	3505	3
a1268;2	1267	a3319;2	3318	3
a1076;2	1075	a3423;2	3422	3
a1189;2	1188	a3134;2	3133	3
a1639;3	1638	a215;5	214	3
a2255;2	2254	a5024;2	5023	3
a2324;2	2323	a2848;2	2847	3
a2942;4	2941	a3016;3	3015	3
a1384;2	1383	a3996;2	3995	3
a3756;2	3755	a631;3	630	3
a1170;4	1169	a4554;4	4553	3
a2954;2	2953	a2955;2	2954	3
a3318;2	3317	a3492;2	3491	3
a3516;3	3515	a4838;5	4837	3
a1203;2	1202	a3384;3	3383	3
a147;3	146	a2878;2	2877	3
a1493;3	1492	a1740;2	1739	3
a182;4	181	a3718;2	3717	3
a1206;3	1205	a1;6	0	3
a3558;2	3557	a5286;2	5285	3
a2907;3	2906	a421;4	420	3
a1789;3	1788	a477;3	476	3
a613;4	612	a674;2	673	3
a3753;2	3752	a4878;2	4877	3
a1112;3	1111	a4014;4	4013	3
a2351;2	2350	a3465;3	3464	3
a351;2	350	a535;2	534	3
a1653;2	1652	a386;2	385	3
a3338;3	3337	a697;2	696	3
a1772;2	1771	a3282;4	3281	3
a1257;2	1256	a3174;3	3173	3
a1348;3	1347	a5342;2	5341	3
a3775;2	3774	a4866;3	4865	3
a192;3	191	a548;3	547	3
a1254;2	1253	a165;3	164	3
a1808;3	1807	a4823;4	4822	3
a4870;4	4869	a534;2	533	3
a3135;4	3134	a3401;2	3400	3
a1290;3	1289	a2351;2	2350	2
a4128;2	4127	a5369;2	5368	2
a1763;2	1762	a3373;2	3372	2
a2552;2	2551	a4784;3	4783	2
a3657;2	3656	a5011;2	5010	2
a1693;2	1692	a4092;2	4091	2
a1182;2	1181	a356;2	355	2
a1767;2	1766	a3034;2	3033	2
a32;3	31	a3451;2	3450	2
a2218;2	2217	a2303;2	2302	2
a3150;2	3149	a5472;2	5471	2
a1357;3	1356	a5445;2	5444	2
a1280;2	1279	a3897;2	3896	2
a2152;2	2151	a3273;3	3272	2
a2448;2	2447	a4731;2	4730	2
a2493;4	2492	a4490;6	4489	2
a1383;2	1382	a976;2	975	2
a2818;16	2817	a550;5	549	2
a367;2	366	a3763;2	3762	2
a2901;5	2900	a4221;2	4220	2
a1377;2	1376	a998;2	997	2
a3678;2	3677	a4746;3	4745	2
a237;2	236	a4867;2	4866	2
a1490;2	1489	a3975;6	3974	2
a115;4	114	a2014;2	2013	2
a5392;2	5391	a5415;2	5414	2
a2958;3	2957	a4511;2	4510	2
a1917;3	1916	a323;2	322	2
a2262;2	2261	a2875;9	2874	2
a2499;2	2498	a5165;2	5164	2
a1026;3	1025	a4913;2	4912	2
a2492;2	2491	a5156;3	5155	2
a4909;2	4908	a5197;2	5196	2
a1638;2	1637	a4615;2	4614	2
a168;2	167	a5111;3	5110	2
a2004;2	2003	a4862;2	4861	2
a1724;3	1723	a3149;2	3148	2
a4984;3	4983	a602;2	601	2
a1863;2	1862	a1960;3	1959	2
a1899;2	1898	a3018;2	3017	2
a2711;2	2710	a4303;2	4302	2
a2220;2	2219	a3418;3	3417	2
a2889;2	2888	a3734;2	3733	2
a1411;2	1410	a5008;3	5007	2
a5134;2	5133	a61;2	60	2
a163;2	162	a716;2	715	2
a333;2	332	a4224;2	4223	2
a3293;2	3292	a5389;3	5388	2
a2013;7	2012	a266;3	265	2
a4143;2	4142	a528;2	527	2
a2329;2	2328	a2345;2	2344	2
a2768;3	2767	a4154;2	4153	2
a3237;3	3236	a5297;2	5296	2
a3706;2	3705	a4951;2	4950	2
a1863;2	1862	a3047;3	3046	2
a2042;2	2041	a3243;2	3242	2
a1229;2	1228	a3307;2	3306	2
a2703;2	2702	a3379;4	3378	2
a2001;2	2000	a554;2	553	2
a1794;2	1793	a5070;2	5069	2
a3908;2	3907	a4486;2	4485	2
a1863;2	1862	a3266;4	3265	2
a1272;2	1271	a948;2	947	2
a3559;2	3558	a3909;2	3908	2
a3807;2	3806	a5032;2	5031	2
a3956;5	3955	a4848;2	4847	2
a303;2	302	a3563;2	3562	2
a2074;2	2073	a5290;2	5289	2
a1043;2	1042	a4072;2	4071	2
a4093;2	4092	a504;2	503	2
a2059;2	2058	a4491;3	4490	2
a3199;3	3198	a4511;2	4510	2
a2604;2	2603	a3291;2	3290	2
a3467;2	3466	a599;2	598	2
a3470;2	3469	a4518;2	4517	2
a601;2	600	a993;4	992	2
a35;2	34	a714;5	713	2
a1168;3	1167	a3482;2	3481	2
a1709;3	1708	a914;3	913	2
a4262;2	4261	a514;3	513	2
a3345;2	3344	a5254;4	5253	2
a417;2	416	a979;4	978	2
a3333;2	3332	a5361;2	5360	2
a1565;2	1564	a2364;2	2363	2
a2138;2	2137	a4233;2	4232	2
a1382;2	1381	a527;2	526	2
a4868;4	4867	a823;2	822	2
a2196;2	2195	a5025;2	5024	2
a4972;2	4971	a5422;2	5421	2
a1527;2	1526	a3420;2	3419	2
a1239;2	1238	a5179;3	5178	2
a2880;2	2879	a3156;2	3155	2
a416;2	415	a4329;2	4328	2
a1496;2	1495	a3987;3	3986	2
a2518;4	2517	a3292;2	3291	2
a2015;2	2014	a259;5	258	2
a1399;2	1398	a4846;2	4845	2
a3088;2	3087	a3218;2	3217	2
a1017;2	1016	a5128;3	5127	2
a1492;2	1491	a3627;2	3626	2
a2620;2	2619	a5244;2	5243	2
a2334;2	2333	a3994;2	3993	2
a159;3	158	a1935;3	1934	2
a1556;2	1555	a2600;2	2599	2
a625;2	624	a803;3	802	2
a2220;2	2219	a2424;2	2423	2
a2068;2	2067	a5038;2	5037	2
a4453;2	4452	a4584;2	4583	2
a1450;2	1449	a3350;2	3349	2
a2924;2	2923	a4652;2	4651	2
a2093;6	2092	a3216;2	3215	2
a2098;2	2097	a2391;2	2390	2
a244;5	243	a420;10	419	2
a1836;4	1835	a2944;2	2943	2
a1122;3	1121	a2937;2	2936	2
a1853;2	1852	a1996;2	1995	2
a2199;2	2198	a2277;3	2276	2
a1260;2	1259	a3115;2	3114	2
a1065;3	1064	a2225;2	2224	2
a3204;2	3203	a485;2	484	2
a2965;2	2964	a686;2	685	2
a1416;2	1415	a2179;2	2178	2
a2299;2	2298	a3962;2	3961	2
a140;2	139	a2952;2	2951	2
a1925;2	1924	a700;2	699	2
a131;2	130	a5489;2	5488	2
a2151;2	2150	a4972;2	4971	2
a3724;2	3723	a4827;2	4826	2
a2625;3	2624	a3896;2	3895	2
a1345;2	1344	a4549;2	4548	2
a5434;3	5433	a847;2	846	2
a1990;3	1989	a3298;2	3297	2
a3123;3	3122	a4828;3	4827	2
a3115;2	3114	a4500;2	4499	2
a1213;2	1212	a1826;2	1825	2
a11;2	10	a330;2	329	2
a2419;3	2418	a5082;2	5081	2
a2040;2	2039	a213;2	212	2
a423;2	422	a988;2	987	2
a1977;2	1976	a210;2	209	2
a2296;4	2295	a2882;2	2881	2
a1785;2	1784	a5443;2	5442	2
a2040;2	2039	a656;3	655	2
a2181;2	2180	a4912;2	4911	2
a10;2	9	a1583;2	1582	2
a4192;2	4191	a4936;2	4935	2
a1626;3	1625	a5284;2	5283	2
a1860;2	1859	a801;2	800	2
a1790;2	1789	a4371;2	4370	2
a3394;2	3393	a565;2	564	2
a2018;2	2017	a3537;3	3536	2
a2402;3	2401	a4249;3	4248	2
a4930;2	4929	a5423;2	5422	2
a2191;3	2190	a3206;2	3205	2
a3927;3	3926	a828;2	827	2
a4005;2	4004	a4943;2	4942	2
a4158;3	4157	a889;2	888	2
a1839;2	1838	a5039;3	5038	2
a2283;2	2282	a2932;2	2931	2
a1800;2	1799	a2224;2	2223	2
a3990;5	3989	a4352;4	4351	2
a4767;26	4766	a5048;13	5047	2
a3762;2	3761	a656;3	655	2
a2374;2	2373	a2714;2	2713	2
a3531;2	3530	a4622;3	4621	2
a3497;2	3496	a5337;2	5336	2
a1761;2	1760	a3830;4	3829	2
a466;3	465	a4824;3	4823	2
a2308;3	2307	a491;3	490	2
a2404;2	2403	a47;2	46	2
a1797;2	1796	a3758;2	3757	2
a1789;3	1788	a812;8	811	2
a2671;2	2670	a5397;2	5396	2
a2049;3	2048	a4189;3	4188	2
a425;2	424	a714;5	713	2
a2054;2	2053	a2326;2	2325	2
a1782;4	1781	a4490;6	4489	2
a4444;2	4443	a5179;3	5178	2
a1985;2	1984	a4998;3	4997	2
a2281;2	2280	a4912;2	4911	2
a2807;4	2806	a4082;3	4081	2
a1020;2	1019	a5312;2	5311	2
a191;2	190	a4318;3	4317	2
a4524;2	4523	a4610;2	4609	2
a115;4	114	a835;3	834	2
a1704;3	1703	a1876;3	1875	2
a2626;2	2625	a309;2	308	2
a2003;2	2002	a923;2	922	2
a2484;2	2483	a903;3	902	2
a2375;5	2374	a3809;2	3808	2
a1725;4	1724	a4043;4	4042	2
a1714;4	1713	a4798;3	4797	2
a3819;2	3818	a964;3	963	2
a3282;4	3281	a4309;3	4308	2
a1497;3	1496	a4625;2	4624	2
a2020;2	2019	a5049;2	5048	2
a2737;2	2736	a5213;2	5212	2
a1151;2	1150	a4629;2	4628	2
a343;3	342	a922;2	921	2
a3324;4	3323	a883;4	882	2
a88;2	87	a992;2	991	2
a1475;3	1474	a4205;2	4204	2
a4596;2	4595	a761;4	760	2
a2414;2	2413	a2445;2	2444	2
a1488;2	1487	a4240;2	4239	2
a3779;2	3778	a4820;2	4819	2
a2881;4	2880	a3500;12	3499	2
a1893;2	1892	a4761;3	4760	2
a1424;2	1423	a2167;2	2166	2
a2224;2	2223	a5069;2	5068	2
a1223;2	1222	a5204;2	5203	2
a3260;2	3259	a590;2	589	2
a2029;2	2028	a4029;2	4028	2
a1672;2	1671	a505;2	504	2
a3830;4	3829	a4573;2	4572	2
a3545;3	3544	a973;2	972	2
a1074;2	1073	a537;2	536	2
a4275;2	4274	a4347;2	4346	2
a3489;2	3488	a4533;2	4532	2
a4084;2	4083	a478;3	477	2
a1680;2	1679	a4335;3	4334	2
a291;3	290	a708;4	707	2
a4235;2	4234	a5018;2	5017	2
a2360;2	2359	a3739;2	3738	2
a1781;2	1780	a2213;3	2212	2
a554;2	553	a88;2	87	2
a2271;2	2270	a3787;2	3786	2
a5320;2	5319	a834;3	833	2
a5162;2	5161	a646;2	645	2
a2826;2	2825	a5442;2	5441	2
a3268;2	3267	a4190;2	4189	2
a1002;2	1001	a5497;2	5496	2
a1104;2	1103	a1371;3	1370	2
a4565;2	4564	a673;2	672	2
a176;2	175	a4432;2	4431	2
a2204;4	2203	a82;2	81	2
a2450;2	2449	a733;2	732	2
a3118;2	3117	a4743;2	4742	2
a1198;2	1197	a197;2	196	2
a2000;2	1999	a2227;2	2226	2
a3661;2	3660	a3838;2	3837	2
a1465;2	1464	a4326;2	4325	2
a1892;2	1891	a539;3	538	2
a4278;3	4277	a495;2	494	2
a3526;2	3525	a4947;2	4946	2
a1087;2	1086	a452;3	451	2
a1810;2	1809	a2429;2	2428	2
a3655;2	3654	a918;4	917	2
a2614;4	2613	a4474;2	4473	2
a4485;2	4484	a5394;2	5393	2
a1458;2	1457	a2834;2	2833	2
a347;2	346	a3589;2	3588	2
a4343;2	4342	a4561;3	4560	2
a1399;2	1398	a5402;3	5401	2
a3155;2	3154	a480;2	479	2
a3976;2	3975	a4636;2	4635	2
a1618;2	1617	a497;2	496	2
a31;2	30	a919;2	918	2
a3095;2	3094	a892;2	891	2
a3091;2	3090	a421;4	420	2
a5187;3	5186	a820;3	819	2
a4983;2	4982	a5205;2	5204	2
a3316;2	3315	a5239;2	5238	2
a2468;2	2467	a3981;3	3980	2
a1319;2	1318	a5135;4	5134	2
a2854;2	2853	a3760;2	3759	2
a1540;2	1539	a5451;2	5450	2
a174;2	173	a3212;2	3211	2
a1146;2	1145	a1934;4	1933	2
a2488;2	2487	a5250;2	5249	2
a1211;2	1210	a3544;2	3543	2
a2790;4	2789	a4188;2	4187	2
a3371;2	3370	a5488;2	5487	2
a1514;2	1513	a2646;2	2645	2
a2930;2	2929	a3790;2	3789	2
a1690;2	1689	a348;2	347	2
a1189;2	1188	a2963;2	2962	2
a2822;2	2821	a4851;3	4850	2
a3843;2	3842	a4526;4	4525	2
a4858;2	4857	a4980;3	4979	2
a41;3	40	a5475;3	5474	2
a1778;4	1777	a3595;2	3594	2
a219;3	218	a2721;2	2720	2
a2045;2	2044	a4092;2	4091	2
a2075;2	2074	a4847;2	4846	2
a2084;5	2083	a3430;5	3429	2
a335;3	334	a4747;2	4746	2
a4961;3	4960	a71;6	70	2
a2508;2	2507	a3510;2	3509	2
a2183;2	2182	a833;2	832	2
a3792;2	3791	a5036;3	5035	2
a3960;3	3959	a41;3	40	2
a3341;3	3340	a627;2	626	2
a302;2	301	a427;2	426	2
a1736;2	1735	a3335;3	3334	2
a3750;2	3749	a4578;2	4577	2
a4595;2	4594	a909;2	908	2
a2882;2	2881	a3136;2	3135	2
a1655;2	1654	a5311;4	5310	2
a2735;2	2734	a4999;2	4998	2
a2323;2	2322	a3267;2	3266	2
a1859;2	1858	a5221;2	5220	2
a1472;2	1471	a4500;2	4499	2
a392;2	391	a4192;2	4191	2
a143;2	142	a1820;5	1819	2
a4014;4	4013	a4557;2	4556	2
a1962;12	1961	a3135;4	3134	2
a3135;4	3134	a3902;5	3901	2
a433;2	432	a91;4	90	2
a1241;2	1240	a5160;2	5159	2
a2817;2	2816	a5255;2	5254	2
a768;7	767	a979;4	978	2
a2500;3	2499	a3635;2	3634	2
a1126;3	1125	a2124;2	2123	2
a3579;4	3578	a871;3	870	2
a1212;2	1211	a3550;2	3549	2
a4162;2	4161	a4641;2	4640	2
a1587;2	1586	a410;2	409	2
a2034;2	2033	a4295;2	4294	2
a2043;4	2042	a4620;4	4619	2
a173;3	172	a5166;2	5165	2
a2282;5	2281	a4782;3	4781	2
a5152;2	5151	a605;2	604	2
a2630;3	2629	a9;7	8	2
a4080;4	4079	a4800;4	4799	2
a3605;2	3604	a3702;2	3701	2
a4658;2	4657	a894;2	893	2
a1906;2	1905	a4068;2	4067	2
a2185;2	2184	a3405;2	3404	2
a446;4	445	a5476;2	5475	2
a1050;2	1049	a3436;2	3435	2
a1982;2	1981	a4906;4	4905	2
a4306;4	4305	a4894;5	4893	2
a3488;2	3487	a4417;3	4416	2
a3416;2	3415	a669;2	668	2
a1235;2	1234	a4872;2	4871	2
a3370;2	3369	a3882;2	3881	2
a3039;2	3038	a622;4	621	2
a3010;2	3009	a4189;3	4188	2
a4060;2	4059	a5050;2	5049	2
a113;2	112	a1779;2	1778	2
a2354;2	2353	a4032;3	4031	2
a1942;2	1941	a656;3	655	2
a2201;2	2200	a688;2	687	2
a1671;2	1670	a4185;2	4184	2
a4910;3	4909	a5104;3	5103	2
a1812;2	1811	a861;2	860	2
a2951;11	2950	a3745;6	3744	2
a2843;2	2842	a3828;2	3827	2
a1869;2	1868	a4957;3	4956	2
a3614;2	3613	a3733;2	3732	2
a5220;3	5219	a587;4	586	2
a1701;6	1700	a4546;2	4545	2
a109;3	108	a941;2	940	2
a2556;2	2555	a3704;2	3703	2
a3598;2	3597	a4627;2	4626	2
a3392;2	3391	a649;2	648	2
a4064;2	4063	a5212;2	5211	2
a1626;3	1625	a3457;2	3456	2
a4116;4	4115	a4791;3	4790	2
a1917;3	1916	a301;2	300	2
a4620;4	4619	a819;2	818	2
a3329;2	3328	a5302;2	5301	2
a2907;3	2906	a3091;2	3090	2
a3311;2	3310	a5061;2	5060	2
a1670;2	1669	a1943;2	1942	2
a2236;2	2235	a4741;3	4740	2
a161;3	160	a1641;2	1640	2
a1429;2	1428	a3982;3	3981	2
a4021;2	4020	a64;2	63	2
a4465;2	4464	a5156;3	5155	2
a2740;2	2739	a5045;2	5044	2
a2916;2	2915	a3709;2	3708	2
a3575;2	3574	a4134;2	4133	2
a1016;2	1015	a1621;2	1620	2
a357;3	356	a4327;2	4326	2
a3546;2	3545	a4637;2	4636	2
a156;2	155	a2516;2	2515	2
a1486;2	1485	a5265;2	5264	2
a1961;3	1960	a2680;6	2679	2
a2905;2	2904	a5040;2	5039	2
a360;2	359	a4310;2	4309	2
a2114;2	2113	a2147;3	2146	2
a421;4	420	a972;2	971	2
a4844;3	4843	a5095;3	5094	2
a4767;26	4766	a702;14	701	2
a2215;2	2214	a2722;2	2721	2
a283;2	282	a3362;3	3361	2
a1083;2	1082	a310;2	309	2
a3096;4	3095	a483;4	482	2
a1337;2	1336	a155;4	154	2
a1145;3	1144	a2226;2	2225	2
a247;2	246	a2845;3	2844	2
a5168;3	5167	a524;2	523	2
a1385;2	1384	a3857;2	3856	2
a149;2	148	a977;2	976	2
a1423;2	1422	a4164;2	4163	2
a19;5	18	a938;2	937	2
a1866;2	1865	a2885;6	2884	2
a1080;2	1079	a1339;2	1338	2
a3875;2	3874	a4919;7	4918	2
a255;2	254	a486;2	485	2
a275;9	274	a3064;8	3063	2
a4217;20	4216	a5350;2	5349	2
a2324;2	2323	a989;4	988	2
a346;2	345	a5031;3	5030	2
a2214;4	2213	a5074;2	5073	2
a1105;2	1104	a4089;2	4088	2
a3051;2	3050	a3123;3	3122	2
a1880;3	1879	a3951;3	3950	2
a1783;2	1782	a4141;4	4140	2
a2596;2	2595	a3145;4	3144	2
a3186;2	3185	a4964;2	4963	2
a1724;3	1723	a2106;2	2105	2
a3699;2	3698	a4793;2	4792	2
a4385;2	4384	a5073;2	5072	2
a1227;2	1226	a613;4	612	2
a1789;3	1788	a76;7	75	2
a3650;2	3649	a4127;2	4126	2
a3217;2	3216	a5000;2	4999	2
a4200;2	4199	a4570;2	4569	2
a1372;2	1371	a2707;2	2706	2
a4118;2	4117	a4364;2	4363	2
a3529;2	3528	a655;2	654	2
a4617;2	4616	a552;2	551	2
a45;2	44	a5309;2	5308	2
a1163;2	1162	a3381;2	3380	2
a265;2	264	a5124;2	5123	2
a135;2	134	a4970;2	4969	2
a2215;2	2214	a4443;2	4442	2
a2496;2	2495	a615;4	614	2
a4603;3	4602	a4644;3	4643	2
a3656;2	3655	a4633;2	4632	2
a1742;2	1741	a3378;2	3377	2
a5462;2	5461	a874;4	873	2
a2286;2	2285	a4522;2	4521	2
a1878;2	1877	a3294;2	3293	2
a229;2	228	a4142;2	4141	2
a1960;3	1959	a3047;3	3046	2
a1329;2	1328	a5494;2	5493	2
a1868;3	1867	a4696;2	4695	2
a3145;4	3144	a4379;3	4378	2
a404;2	403	a990;2	989	2
a1959;4	1958	a2128;4	2127	2
a2230;2	2229	a4492;2	4491	2
a3475;2	3474	a4402;2	4401	2
a2333;2	2332	a2424;2	2423	2
a3359;2	3358	a4411;2	4410	2
a32;3	31	a5123;2	5122	2
a293;2	292	a3905;2	3904	2
a1719;2	1718	a4301;2	4300	2
a4132;2	4131	a494;2	493	2
a1836;4	1835	a2857;2	2856	2
a3048;2	3047	a3821;2	3820	2
a1042;2	1041	a3858;2	3857	2
a3784;2	3783	a415;2	414	2
a135;2	134	a262;2	261	2
a5308;2	5307	a5315;2	5314	2
a2713;2	2712	a4824;3	4823	2
a1784;2	1783	a363;2	362	2
a1917;3	1916	a1919;2	1918	2
a4851;3	4850	a7;5	6	2
a1390;2	1389	a4613;2	4612	2
a3417;2	3416	a4111;4	4110	2
a1662;3	1661	a2977;3	2976	2
a37;2	36	a568;2	567	2
a1949;3	1948	a3172;3	3171	2
a4934;2	4933	a862;2	861	2
a4253;2	4252	a4999;2	4998	2
a1873;2	1872	a4145;2	4144	2
a4374;2	4373	a532;2	531	2
a125;2	124	a2534;2	2533	2
a1081;2	1080	a2665;2	2664	2
a2958;3	2957	a586;3	585	2
a2962;2	2961	a443;2	442	2
a3030;2	3029	a3920;2	3919	2
a4060;2	4059	a5101;2	5100	2
a3071;3	3070	a666;2	665	2
a1903;2	1902	a3276;2	3275	2
a1572;5	1571	a4017;3	4016	2
a2472;2	2471	a5232;2	5231	2
a3715;2	3714	a838;2	837	2
a1933;2	1932	a4322;2	4321	2
a1919;2	1918	a301;2	300	2
a346;2	345	a4292;2	4291	2
a2638;2	2637	a3743;2	3742	2
a1317;2	1316	a4420;2	4419	2
a1154;3	1153	a889;2	888	2
a4188;2	4187	a44;3	43	2
a5366;2	5365	a600;2	599	2
a2830;2	2829	a4211;2	4210	2
a1024;3	1023	a1137;4	1136	2
a4119;3	4118	a4228;2	4227	2
a1379;3	1378	a3155;2	3154	2
a260;3	259	a316;2	315	2
a1741;3	1740	a2425;2	2424	2
a4025;2	4024	a4837;2	4836	2
a2868;2	2867	a3162;3	3161	2
a2076;2	2075	a370;2	369	2
a3719;5	3718	a580;2	579	2
a4412;2	4411	a4981;4	4980	2
a104;2	103	a1526;2	1525	2
a4537;4	4536	a4779;2	4778	2
a508;2	507	a5426;2	5425	2
a1568;2	1567	a3840;2	3839	2
a1291;2	1290	a5009;2	5008	2
a4798;3	4797	a569;2	568	2
a1461;2	1460	a1466;2	1465	2
a3234;2	3233	a4920;2	4919	2
a1249;3	1248	a644;2	643	2
a5113;3	5112	a980;3	979	2
a1142;3	1141	a4801;4	4800	2
a1771;2	1770	a558;2	557	2
a2617;2	2616	a4877;2	4876	2
a3316;2	3315	a4581;3	4580	2
a2860;2	2859	a552;2	551	2
a2287;2	2286	a2415;2	2414	2
a1742;2	1741	a240;4	239	2
a4835;3	4834	a5464;2	5463	2
a1841;2	1840	a3408;2	3407	2
a2529;2	2528	a4605;2	4604	2
a3415;2	3414	a4136;3	4135	2
a1405;7	1404	a2033;10	2032	2
a1106;2	1105	a4681;2	4680	2
a3485;2	3484	a4181;2	4180	2
a5027;2	5026	a5459;2	5458	2
a4116;4	4115	a475;2	474	2
a1120;3	1119	a1788;3	1787	2
a1447;2	1446	a305;2	304	2
a3814;2	3813	a5020;2	5019	2
a1569;3	1568	a860;4	859	2
a2006;2	2005	a5194;2	5193	2
a1707;2	1706	a3494;2	3493	2
a152;2	151	a2447;2	2446	2
a15;2	14	a5303;2	5302	2
a1993;2	1992	a4072;2	4071	2
a2496;2	2495	a4180;2	4179	2
a4225;2	4224	a5057;2	5056	2
a1147;3	1146	a4543;2	4542	2
a2987;4	2986	a4331;2	4330	2
a1922;2	1921	a2375;5	2374	2
a4425;2	4424	a4426;2	4425	2
a1835;2	1834	a4368;2	4367	2
a2042;2	2041	a657;2	656	2
a1417;3	1416	a1787;2	1786	2
a2216;2	2215	a2827;2	2826	2
a1967;3	1966	a878;2	877	2
a3454;3	3453	a4855;3	4854	2
a3164;7	3163	a81;3	80	2
a2699;2	2698	a3268;2	3267	2
a2492;2	2491	a3151;3	3150	2
a1637;2	1636	a5437;2	5436	2
a3523;2	3522	a3891;2	3890	2
a2572;5	2571	a3672;2	3671	2
a1348;3	1347	a4446;2	4445	2
a271;2	270	a3440;2	3439	2
a1399;2	1398	a991;2	990	2
a1915;2	1914	a2228;2	2227	2
a1626;3	1625	a5061;2	5060	2
a4269;2	4268	a4444;2	4443	2
a1418;2	1417	a3674;2	3673	2
a2100;2	2099	a3043;2	3042	2
a822;2	821	a920;2	919	2
a1586;3	1585	a4463;3	4462	2
a3224;2	3223	a759;2	758	2
a2535;2	2534	a5014;2	5013	2
a1530;2	1529	a2348;2	2347	2
a3442;3	3441	a4079;2	4078	2
a2627;2	2626	a3964;2	3963	2
a3965;2	3964	a4224;2	4223	2
a831;3	830	a987;2	986	2
a2556;2	2555	a5300;2	5299	2
a4955;4	4954	a4964;2	4963	2
a2794;4	2793	a2842;2	2841	2
a3892;2	3891	a4706;2	4705	2
a4341;2	4340	a4502;2	4501	2
a4528;2	4527	a5037;3	5036	2
a2598;2	2597	a3764;2	3763	2
a2017;2	2016	a2681;2	2680	2
a2653;2	2652	a3728;2	3727	2
a4239;3	4238	a5065;2	5064	2
a2597;2	2596	a983;2	982	2
a1598;4	1597	a4876;5	4875	2
a1324;2	1323	a4574;2	4573	2
a2985;2	2984	a3551;2	3550	2
a2608;2	2607	a4061;2	4060	2
a1770;3	1769	a2181;2	2180	2
a4797;3	4796	a5005;2	5004	2
a1512;2	1511	a4064;2	4063	2
a1338;2	1337	a3065;4	3064	2
a1821;2	1820	a4083;2	4082	2
a3120;3	3119	a3980;3	3979	2
a1824;2	1823	a4212;2	4211	2
a1279;2	1278	a5113;3	5112	2
a2475;3	2474	a455;5	454	2
a1501;2	1500	a3143;2	3142	2
a3068;2	3067	a3681;2	3680	2
a4023;2	4022	a4472;2	4471	2
a236;2	235	a4335;3	4334	2
a3302;2	3301	a3557;3	3556	2
a1099;2	1098	a1834;2	1833	2
a1143;2	1142	a1330;2	1329	2
a1886;2	1885	a3856;2	3855	2
a3389;2	3388	a877;2	876	2
a3521;3	3520	a5432;2	5431	2
a2452;2	2451	a3136;2	3135	2
a1304;2	1303	a2306;2	2305	2
a1718;2	1717	a642;3	641	2
a13;3	12	a3579;4	3578	2
a3998;2	3997	a4922;5	4921	2
a1400;2	1399	a3154;2	3153	2
a24;2	23	a3455;2	3454	2
a1684;5	1683	a4412;2	4411	2
a2089;2	2088	a2396;2	2395	2
a1177;2	1176	a735;2	734	2
a1832;2	1831	a5004;2	5003	2
a5318;2	5317	a957;2	956	2
a3407;2	3406	a622;4	621	2
a4165;4	4164	a4853;2	4852	2
a2892;2	2891	a943;3	942	2
a3474;2	3473	a3508;2	3507	2
a2178;3	2177	a633;3	632	2
a2471;2	2470	a418;4	417	2
a1817;2	1816	a2133;3	2132	2
a2802;2	2801	a2953;2	2952	2
a122;2	121	a2551;2	2550	2
a2094;2	2093	a4604;2	4603	2
a2263;2	2262	a5248;2	5247	2
a2775;2	2774	a3721;2	3720	2
a1756;2	1755	a3633;2	3632	2
a105;2	104	a1201;3	1200	2
a1504;2	1503	a4322;2	4321	2
a1760;2	1759	a3330;3	3329	2
a1768;2	1767	a985;2	984	2
a1270;3	1269	a4687;3	4686	2
a3424;2	3423	a3608;2	3607	2
a3413;3	3412	a4853;2	4852	2
a2276;2	2275	a5260;2	5259	2
a1277;2	1276	a5001;2	5000	2
a2219;2	2218	a4088;2	4087	2
a5008;3	5007	a5278;2	5277	2
a2083;2	2082	a4462;4	4461	2
a4545;2	4544	a97;3	96	2
a2130;2	2129	a5014;2	5013	2
a4734;5	4733	a772;4	771	2
a1049;2	1048	a2816;3	2815	2
a1263;2	1262	a4261;2	4260	2
a3539;2	3538	a3714;2	3713	2
a2396;2	2395	a5050;2	5049	2
a4255;2	4254	a5467;2	5466	2
a2778;4	2777	a361;2	360	2
a1112;3	1111	a3166;4	3165	2
a2343;2	2342	a4655;2	4654	2
a2804;2	2803	a3110;2	3109	2
a3053;2	3052	a5228;2	5227	2
a1818;2	1817	a3510;2	3509	2
a2406;3	2405	a3305;2	3304	2
a2052;2	2051	a4036;3	4035	2
a3327;2	3326	a442;2	441	2
a2090;2	2089	a5412;2	5411	2
a1008;2	1007	a1471;2	1470	2
a476;2	475	a4931;2	4930	2
a1882;2	1881	a5449;2	5448	2
a4294;2	4293	a5085;2	5084	2
a319;3	318	a346;2	345	2
a4794;2	4793	a5315;2	5314	2
a2048;4	2047	a3150;2	3149	2
a1498;2	1497	a3059;2	3058	2
a4070;2	4069	a634;2	633	2
a19;5	18	a2441;2	2440	2
a2;3	1	a3034;2	3033	2
a3406;2	3405	a3644;2	3643	2
a2704;2	2703	a3881;2	3880	2
a3031;2	3030	a3471;2	3470	2
a2518;4	2517	a4515;5	4514	2
a2785;7	2784	a3637;2	3636	2
a1121;2	1120	a2461;2	2460	2
a4094;4	4093	a4366;3	4365	2
a1424;2	1423	a4470;2	4469	2
a1666;2	1665	a1878;2	1877	2
a2541;2	2540	a4585;2	4584	2
a4978;2	4977	a549;2	548	2
a3327;2	3326	a3488;2	3487	2
a172;2	171	a3876;3	3875	2
a1994;2	1993	a205;2	204	2
a2648;2	2647	a902;3	901	2
a1404;2	1403	a4478;2	4477	2
a1237;2	1236	a1712;2	1711	2
a1513;2	1512	a3036;2	3035	2
a1275;3	1274	a1959;4	1958	2
a3615;2	3614	a4326;2	4325	2
a2906;2	2905	a5243;4	5242	2
a2492;2	2491	a4465;2	4464	2
a3190;2	3189	a4503;2	4502	2
a1758;2	1757	a4276;2	4275	2
a3151;3	3150	a4465;2	4464	2
a2170;3	2169	a474;2	473	2
a1176;3	1175	a4557;2	4556	2
a2517;3	2516	a478;3	477	2
a4904;2	4903	a5043;2	5042	2
a5171;2	5170	a577;3	576	2
a4038;3	4037	a4082;3	4081	2
a5068;2	5067	a975;2	974	2
a3094;3	3093	a4993;2	4992	2
a1073;2	1072	a2960;2	2959	2
a4166;2	4165	a4784;3	4783	2
a159;3	158	a823;2	822	2
a5051;3	5050	a5312;2	5311	2
a1344;2	1343	a2481;2	2480	2
a1190;2	1189	a5222;2	5221	2
a1600;3	1599	a2233;2	2232	2
a1948;3	1947	a2595;2	2594	2
a3391;3	3390	a4344;3	4343	2
a4540;2	4539	a5435;2	5434	2
a1333;2	1332	a2302;2	2301	2
a111;2	110	a5258;2	5257	2
a1817;2	1816	a2900;2	2899	2
a2978;2	2977	a5268;2	5267	2
a307;3	306	a4480;2	4479	2
a2193;2	2192	a4167;3	4166	2
a1252;2	1251	a3587;2	3586	2
a2691;2	2690	a918;4	917	2
a3468;2	3467	a4736;7	4735	2
a1090;2	1089	a3518;4	3517	2
a1391;2	1390	a4263;2	4262	2
a3202;5	3201	a886;3	885	2
a5252;2	5251	a857;2	856	2
a3907;3	3906	a588;2	587	2
a3429;2	3428	a4106;2	4105	2
a3509;2	3508	a4982;2	4981	2
a1982;2	1981	a5373;2	5372	2
a2413;2	2412	a2538;2	2537	2
a3042;4	3041	a93;6	92	2
a1371;3	1370	a74;2	73	2
a2194;2	2193	a4889;2	4888	2
a2421;2	2420	a2906;2	2905	2
a2581;2	2580	a809;2	808	2
a1735;2	1734	a3617;4	3616	2
a1578;5	1577	a83;5	82	2
a3120;3	3119	a3638;3	3637	2
a3927;3	3926	a5153;2	5152	2
a1959;4	1958	a4801;4	4800	2
a4150;2	4149	a4160;2	4159	2
a1841;2	1840	a5131;2	5130	2
a3934;2	3933	a5322;2	5321	2
a3148;2	3147	a3196;3	3195	2
a1595;2	1594	a2465;3	2464	2
a3873;2	3872	a5305;2	5304	2
a2607;3	2606	a4547;2	4546	2
a1658;2	1657	a3220;2	3219	2
a3673;2	3672	a5230;2	5229	2
a1716;6	1715	a5042;2	5041	2
a1104;2	1103	a2178;3	2177	2
a3860;2	3859	a4022;2	4021	2
a2601;5	2600	a4736;7	4735	2
a1371;3	1370	a4783;2	4782	2
a2720;3	2719	a3080;6	3079	2
a1887;2	1886	a2450;2	2449	2
a1124;2	1123	a3061;10	3060	2
a1070;3	1069	a336;2	335	2
a3361;2	3360	a4414;2	4413	2
a3106;2	3105	a4917;2	4916	2
a1764;6	1763	a3611;2	3610	2
a21;2	20	a4927;2	4926	2
a3403;2	3402	a3867;2	3866	2
a1588;6	1587	a2400;3	2399	2
a1577;5	1576	a1910;2	1909	2
a5127;2	5126	a840;2	839	2
a3147;3	3146	a3172;3	3171	2
a117;4	116	a5104;3	5103	2
a2392;2	2391	a3333;2	3332	2
a2897;2	2896	a776;2	775	2
a187;3	186	a2544;2	2543	2
a3964;2	3963	a81;3	80	2
a269;3	268	a4095;2	4094	2
a133;2	132	a887;3	886	2
a3267;2	3266	a4394;2	4393	2
a2263;2	2262	a4512;2	4511	2
a4732;3	4731	a768;7	767	2
a1184;2	1183	a1731;5	1730	2
a2537;2	2536	a995;3	994	2
a1549;2	1548	a3711;2	3710	2
a1465;2	1464	a5038;2	5037	2
a3869;2	3868	a904;2	903	2
a4529;2	4528	a4623;2	4622	2
a333;2	332	a3815;2	3814	2
a4537;4	4536	a5203;2	5202	2
a1303;9	1302	a3998;2	3997	2
a4387;2	4386	a836;2	835	2
a3633;2	3632	a3971;2	3970	2
a2370;2	2369	a457;3	456	2
a2767;6	2766	a5292;2	5291	2
a2241;2	2240	a256;2	255	2
a1894;2	1893	a2886;3	2885	2
a1848;2	1847	a2023;2	2022	2
a94;3	93	a96;2	95	2
a5408;2	5407	a577;3	576	2
a3041;2	3040	a4153;2	4152	2
a234;2	233	a4142;2	4141	2
a2778;4	2777	a4602;2	4601	2
a332;2	331	a4282;3	4281	2
a2789;4	2788	a3147;3	3146	2
a450;2	449	a543;2	542	2
a2902;2	2901	a5219;2	5218	2
a2190;3	2189	a3849;2	3848	2
a3326;2	3325	a4279;3	4278	2
a3024;2	3023	a3694;2	3693	2
a30;3	29	a4885;3	4884	2
a4000;2	3999	a5393;2	5392	2
a1754;2	1753	a3852;2	3851	2
a1221;2	1220	a3540;2	3539	2
a3831;2	3830	a492;2	491	2
a228;3	227	a759;2	758	2
a1505;2	1504	a4442;2	4441	2
a3773;3	3772	a3960;3	3959	2
a169;3	168	a4958;3	4957	2
a4372;2	4371	a4880;2	4879	2
a101;6	100	a2652;2	2651	2
a5227;2	5226	a617;2	616	2
a2347;2	2346	a5208;2	5207	2
a1126;3	1125	a3113;4	3112	2
a3749;2	3748	a513;2	512	2
a2197;2	2196	a3810;2	3809	2
a2209;3	2208	a576;2	575	2
a4599;2	4598	a5096;2	5095	2
a2261;2	2260	a3080;6	3079	2
a5014;2	5013	a728;4	727	2
a1930;2	1929	a5107;2	5106	2
a1529;2	1528	a1995;2	1994	2
a1697;2	1696	a4984;3	4983	2
a2169;2	2168	a4544;2	4543	2
a2127;2	2126	a3225;2	3224	2
a3609;2	3608	a520;2	519	2
a1175;3	1174	a2794;4	2793	2
a1620;2	1619	a4449;2	4448	2
a4507;2	4506	a5029;2	5028	2
a5376;2	5375	a792;3	791	2
a5143;2	5142	a818;5	817	2
a2439;2	2438	a2478;2	2477	2
a3014;2	3013	a507;2	506	2
a1782;4	1781	a4860;2	4859	2
a1250;2	1249	a5332;2	5331	2
a268;2	267	a3116;2	3115	2
a4389;2	4388	a5354;2	5353	2
a4752;3	4751	a816;3	815	2
a4256;2	4255	a4498;2	4497	2
a2175;2	2174	a4223;2	4222	2
a1120;3	1119	a1733;4	1732	2
a4334;2	4333	a955;3	954	2
a2206;2	2205	a500;2	499	2
a1880;3	1879	a3070;3	3069	2
a1806;3	1805	a2501;5	2500	2
a2562;2	2561	a4865;2	4864	2
a1440;2	1439	a1685;2	1684	2
a1262;2	1261	a3398;2	3397	2
a1242;2	1241	a4015;9	4014	2
a1857;2	1856	a3698;5	3697	2
a2929;4	2928	a482;2	481	2
a3325;3	3324	a708;4	707	2
a314;2	313	a436;2	435	2
a2260;2	2259	a3973;2	3972	2
a3136;2	3135	a85;4	84	2
a1724;3	1723	a2313;2	2312	2
a2026;2	2025	a986;2	985	2
a4550;2	4549	a5117;2	5116	2
a254;3	253	a4666;2	4665	2
a1818;2	1817	a4923;2	4922	2
a3732;2	3731	a4777;2	4776	2
a3346;2	3345	a42;6	41	2
a2566;2	2565	a267;2	266	2
a140;2	139	a4174;2	4173	2
a2296;4	2295	a3136;2	3135	2
a3970;3	3969	a4807;2	4806	2
a2158;2	2157	a4735;2	4734	2
a1326;2	1325	a2832;5	2831	2
a2993;3	2992	a3632;2	3631	2
a4228;2	4227	a901;2	900	2
a1642;2	1641	a1965;3	1964	2
a3386;2	3385	a3798;2	3797	2
a3687;2	3686	a5237;3	5236	2
a1347;2	1346	a1885;2	1884	2
a1142;3	1141	a1959;4	1958	2
a2416;2	2415	a3104;2	3103	2
a345;3	344	a364;2	363	2
a1058;2	1057	a2109;3	2108	2
a4813;3	4812	a890;2	889	2
a2890;2	2889	a2905;2	2904	2
a4379;3	4378	a5027;2	5026	2
a201;4	200	a3205;2	3204	2
a1234;2	1233	a717;2	716	2
a276;2	275	a567;2	566	2
a2764;2	2763	a3648;2	3647	2
a3951;3	3950	a4884;3	4883	2
a1355;2	1354	a2559;2	2558	2
a4105;3	4104	a4150;2	4149	2
a3512;3	3511	a4815;2	4814	2
a3313;2	3312	a4780;2	4779	1
a435;2	434	a4847;2	4846	1
a1871;3	1870	a2162;4	2161	1
a1935;3	1934	a4056;2	4055	1
a4581;3	4580	a5239;2	5238	1
a4209;3	4208	a5075;2	5074	1
a4119;3	4118	a5148;2	5147	1
a3071;3	3070	a3331;2	3330	1
a2189;2	2188	a2326;2	2325	1
a4056;2	4055	a5400;5	5399	1
a1256;6	1255	a2015;2	2014	1
a2940;3	2939	a389;3	388	1
a2824;3	2823	a5114;2	5113	1
a2591;2	2590	a4430;2	4429	1
a2645;2	2644	a2746;2	2745	1
a1434;2	1433	a2265;2	2264	1
a4163;2	4162	a4980;3	4979	1
a1726;3	1725	a3931;2	3930	1
a3342;2	3341	a5291;2	5290	1
a3027;2	3026	a5441;2	5440	1
a1714;4	1713	a2583;2	2582	1
a1003;2	1002	a1153;2	1152	1
a2080;2	2079	a3989;3	3988	1
a2909;2	2908	a4763;5	4762	1
a2015;2	2014	a691;2	690	1
a4093;2	4092	a4857;2	4856	1
a4264;6	4263	a850;3	849	1
a149;2	148	a1687;2	1686	1
a1912;2	1911	a2078;2	2077	1
a1838;2	1837	a227;2	226	1
a2736;2	2735	a4669;2	4668	1
a1396;2	1395	a5321;2	5320	1
a3207;2	3206	a3334;2	3333	1
a1536;2	1535	a2651;2	2650	1
a3294;2	3293	a5478;2	5477	1
a1511;2	1510	a3576;2	3575	1
a2243;2	2242	a2951;11	2950	1
a1850;2	1849	a786;2	785	1
a2289;2	2288	a471;2	470	1
a3845;2	3844	a579;2	578	1
a2533;9	2532	a30;3	29	1
a1721;3	1720	a4991;5	4990	1
a2019;2	2018	a2130;2	2129	1
a1704;3	1703	a323;2	322	1
a4611;4	4610	a788;2	787	1
a1302;2	1301	a4756;2	4755	1
a3247;2	3246	a5359;2	5358	1
a1592;3	1591	a4666;2	4665	1
a1937;2	1936	a3118;2	3117	1
a4059;3	4058	a4288;2	4287	1
a146;3	145	a779;5	778	1
a2086;2	2085	a4102;3	4101	1
a1406;2	1405	a4872;2	4871	1
a1445;2	1444	a2932;2	2931	1
a1088;3	1087	a3703;2	3702	1
a1451;2	1450	a3606;2	3605	1
a1244;2	1243	a758;3	757	1
a1894;2	1893	a4279;3	4278	1
a198;2	197	a3853;2	3852	1
a1071;2	1070	a2540;3	2539	1
a1862;2	1861	a1967;3	1966	1
a2090;2	2089	a3600;2	3599	1
a4528;2	4527	a5054;4	5053	1
a1341;4	1340	a3862;2	3861	1
a3070;3	3069	a3951;3	3950	1
a2535;2	2534	a5060;2	5059	1
a1787;2	1786	a4160;2	4159	1
a4798;3	4797	a560;2	559	1
a1008;2	1007	a402;2	401	1
a5385;2	5384	a892;2	891	1
a1331;2	1330	a4960;2	4959	1
a3605;2	3604	a4468;2	4467	1
a2085;3	2084	a61;2	60	1
a3747;2	3746	a4563;2	4562	1
a3192;4	3191	a4866;3	4865	1
a2824;3	2823	a3640;2	3639	1
a3854;2	3853	a3906;2	3905	1
a1114;2	1113	a3915;2	3914	1
a475;2	474	a4883;3	4882	1
a3458;2	3457	a679;2	678	1
a1167;2	1166	a2378;2	2377	1
a32;3	31	a3679;2	3678	1
a2344;2	2343	a4570;2	4569	1
a4578;2	4577	a652;2	651	1
a2804;2	2803	a5120;2	5119	1
a4687;3	4686	a4940;2	4939	1
a1815;5	1814	a2921;2	2920	1
a2007;2	2006	a5271;2	5270	1
a2791;2	2790	a4975;2	4974	1
a2150;2	2149	a2268;2	2267	1
a2245;2	2244	a4348;2	4347	1
a2494;2	2493	a3019;2	3018	1
a5492;2	5491	a861;2	860	1
a4215;2	4214	a4661;2	4660	1
a2906;2	2905	a808;2	807	1
a1849;2	1848	a2714;2	2713	1
a3748;2	3747	a639;2	638	1
a2621;2	2620	a878;2	877	1
a2700;2	2699	a465;2	464	1
a1937;2	1936	a4743;2	4742	1
a4583;2	4582	a5460;2	5459	1
a294;2	293	a370;2	369	1
a2031;2	2030	a5251;2	5250	1
a2181;2	2180	a2281;2	2280	1
a1521;2	1520	a4435;2	4434	1
a2122;2	2121	a660;2	659	1
a275;9	274	a804;10	803	1
a1786;3	1785	a2014;2	2013	1
a3035;2	3034	a4409;2	4408	1
a1099;2	1098	a2102;2	2101	1
a2988;6	2987	a3915;2	3914	1
a3203;2	3202	a4461;2	4460	1
a2407;2	2406	a4380;2	4379	1
a4336;5	4335	a4782;3	4781	1
a5079;2	5078	a51;2	50	1
a4936;2	4935	a639;2	638	1
a2055;3	2054	a922;2	921	1
a2427;2	2426	a2553;2	2552	1
a2361;6	2360	a7;5	6	1
a2032;3	2031	a3536;2	3535	1
a2669;2	2668	a431;2	430	1
a3239;2	3238	a4739;5	4738	1
a2329;2	2328	a2673;2	2672	1
a1422;2	1421	a273;3	272	1
a4065;2	4064	a4510;2	4509	1
a2607;3	2606	a2686;2	2685	1
a2247;2	2246	a3323;12	3322	1
a4617;2	4616	a838;2	837	1
a4307;2	4306	a842;3	841	1
a3717;2	3716	a4474;2	4473	1
a2689;2	2688	a3636;2	3635	1
a4625;2	4624	a5407;2	5406	1
a1758;2	1757	a2153;2	2152	1
a3176;2	3175	a3777;2	3776	1
a3236;2	3235	a430;2	429	1
a1640;2	1639	a3082;2	3081	1
a2423;2	2422	a547;2	546	1
a4929;2	4928	a944;2	943	1
a1449;7	1448	a2223;2	2222	1
a1666;2	1665	a451;4	450	1
a2438;2	2437	a385;4	384	1
a1331;2	1330	a2291;2	2290	1
a2091;3	2090	a4939;3	4938	1
a4458;2	4457	a65;2	64	1
a1817;2	1816	a212;11	211	1
a4401;2	4400	a4670;2	4669	1
a1956;2	1955	a293;2	292	1
a5003;3	5002	a5332;2	5331	1
a217;2	216	a3995;10	3994	1
a4214;2	4213	a4874;3	4873	1
a5150;2	5149	a5277;2	5276	1
a30;3	29	a3430;5	3429	1
a1168;3	1167	a4997;2	4996	1
a1880;3	1879	a4884;3	4883	1
a3698;5	3697	a4673;3	4672	1
a1214;3	1213	a3124;10	3123	1
a1130;2	1129	a4950;4	4949	1
a1612;10	1611	a2846;10	2845	1
a2672;2	2671	a5283;2	5282	1
a2200;2	2199	a4578;2	4577	1
a2459;2	2458	a729;2	728	1
a2095;2	2094	a398;2	397	1
a1202;2	1201	a1900;2	1899	1
a5037;3	5036	a5119;2	5118	1
a2831;17	2830	a4739;5	4738	1
a2042;2	2041	a2661;2	2660	1
a1711;4	1710	a2176;4	2175	1
a3363;5	3362	a4194;3	4193	1
a2308;3	2307	a2762;4	2761	1
a319;3	318	a5031;3	5030	1
a4204;7	4203	a4;8	3	1
a166;2	165	a4520;2	4519	1
a2085;3	2084	a3806;2	3805	1
a2464;2	2463	a515;2	514	1
a387;4	386	a4175;2	4174	1
a5461;2	5460	a831;3	830	1
a3100;2	3099	a4853;2	4852	1
a2344;2	2343	a4200;2	4199	1
a2207;2	2206	a2474;2	2473	1
a1477;2	1476	a5252;2	5251	1
a1166;2	1165	a949;3	948	1
a1813;3	1812	a4104;3	4103	1
a2467;2	2466	a4683;2	4682	1
a2632;2	2631	a4399;2	4398	1
a203;4	202	a82;2	81	1
a1237;2	1236	a1995;2	1994	1
a2942;4	2941	a4596;2	4595	1
a264;3	263	a4664;2	4663	1
a2196;2	2195	a4774;2	4773	1
a1015;2	1014	a2462;2	2461	1
a3331;2	3330	a666;2	665	1
a1595;2	1594	a4676;2	4675	1
a4041;3	4040	a877;2	876	1
a4043;4	4042	a4231;3	4230	1
a4579;2	4578	a503;2	502	1
a2375;5	2374	a439;2	438	1
a3358;2	3357	a3649;3	3648	1
a1425;2	1424	a2211;2	2210	1
a1102;2	1101	a4157;2	4156	1
a1702;2	1701	a4189;3	4188	1
a1996;2	1995	a801;2	800	1
a2426;2	2425	a721;2	720	1
a4757;3	4756	a5084;2	5083	1
a2925;2	2924	a4676;2	4675	1
a1756;2	1755	a3971;2	3970	1
a1759;2	1758	a539;3	538	1
a2709;2	2708	a3247;2	3246	1
a4459;2	4458	a4664;2	4663	1
a3445;2	3444	a3620;3	3619	1
a100;3	99	a475;2	474	1
a3269;2	3268	a4387;2	4386	1
a1026;3	1025	a3037;2	3036	1
a1120;3	1119	a65;2	64	1
a2766;2	2765	a4566;2	4565	1
a3593;2	3592	a4841;2	4840	1
a5071;2	5070	a526;2	525	1
a2447;2	2446	a4986;4	4985	1
a156;2	155	a3826;2	3825	1
a4333;2	4332	a694;2	693	1
a5077;2	5076	a5296;2	5295	1
a35;2	34	a4279;3	4278	1
a2346;2	2345	a3796;2	3795	1
a2663;3	2662	a689;2	688	1
a2616;2	2615	a4755;2	4754	1
a5402;3	5401	a991;2	990	1
a2729;2	2728	a3606;2	3605	1
a4398;2	4397	a4891;2	4890	1
a1308;2	1307	a5113;3	5112	1
a173;3	172	a3132;2	3131	1
a2613;2	2612	a692;2	691	1
a2603;2	2602	a3877;2	3876	1
a5200;2	5199	a934;2	933	1
a2483;2	2482	a319;3	318	1
a3788;2	3787	a5043;2	5042	1
a2928;3	2927	a3563;2	3562	1
a1013;2	1012	a1841;2	1840	1
a2150;2	2149	a2747;2	2746	1
a2882;2	2881	a3234;2	3233	1
a3245;2	3244	a3461;5	3460	1
a2606;2	2605	a3576;2	3575	1
a1000;2	999	a998;2	997	1
a1334;9	1333	a2844;4	2843	1
a4404;2	4403	a4430;2	4429	1
a5120;2	5119	a5136;2	5135	1
a4482;2	4481	a5014;2	5013	1
a1323;2	1322	a1851;2	1850	1
a2762;4	2761	a491;3	490	1
a2575;7	2574	a740;2	739	1
a2195;2	2194	a3366;2	3365	1
a3704;2	3703	a4297;2	4296	1
a5490;2	5489	a555;2	554	1
a1986;2	1985	a464;2	463	1
a1048;3	1047	a207;2	206	1
a1327;2	1326	a5287;2	5286	1
a2467;2	2466	a5301;2	5300	1
a3678;2	3677	a5284;2	5283	1
a1570;5	1569	a4400;2	4399	1
a2454;2	2453	a3275;2	3274	1
a4110;2	4109	a4373;2	4372	1
a2198;2	2197	a589;5	588	1
a2847;2	2846	a4332;2	4331	1
a2187;2	2186	a878;2	877	1
a1869;2	1868	a2082;2	2081	1
a3126;2	3125	a4113;2	4112	1
a2019;2	2018	a3128;2	3127	1
a3223;4	3222	a4329;2	4328	1
a1118;2	1117	a2315;2	2314	1
a3092;2	3091	a376;2	375	1
a1787;2	1786	a4866;3	4865	1
a1271;2	1270	a5388;2	5387	1
a4217;20	4216	a787;6	786	1
a1418;2	1417	a828;2	827	1
a1128;2	1127	a340;2	339	1
a3906;2	3905	a4966;2	4965	1
a2773;7	2772	a4352;4	4351	1
a1092;2	1091	a2816;3	2815	1
a3869;2	3868	a4127;2	4126	1
a1229;2	1228	a1589;2	1588	1
a714;5	713	a927;2	926	1
a3353;3	3352	a5313;2	5312	1
a2151;2	2150	a620;2	619	1
a1413;2	1412	a5261;2	5260	1
a2155;2	2154	a936;2	935	1
a2412;2	2411	a4085;2	4084	1
a1304;2	1303	a4064;2	4063	1
a301;2	300	a5363;2	5362	1
a1295;2	1294	a2770;2	2769	1
a3820;2	3819	a589;5	588	1
a2442;2	2441	a4975;2	4974	1
a2092;2	2091	a4295;2	4294	1
a1589;2	1588	a3307;2	3306	1
a2031;2	2030	a2545;2	2544	1
a3091;2	3090	a972;2	971	1
a1878;2	1877	a451;4	450	1
a1949;3	1948	a2789;4	2788	1
a2491;3	2490	a3547;2	3546	1
a106;3	105	a427;2	426	1
a2789;4	2788	a3172;3	3171	1
a1034;2	1033	a1852;2	1851	1
a2910;2	2909	a3153;2	3152	1
a3582;2	3581	a741;2	740	1
a2844;4	2843	a3450;4	3449	1
a2996;2	2995	a3444;2	3443	1
a124;2	123	a64;2	63	1
a1713;2	1712	a3197;2	3196	1
a431;2	430	a540;3	539	1
a2207;2	2206	a4520;2	4519	1
a3181;4	3180	a3888;2	3887	1
a3724;2	3723	a716;2	715	1
a2772;4	2771	a3747;2	3746	1
a2008;2	2007	a957;2	956	1
a2106;2	2105	a3149;2	3148	1
a1694;2	1693	a1745;3	1744	1
a5082;2	5081	a5278;2	5277	1
a3854;2	3853	a4966;2	4965	1
a2858;5	2857	a4782;3	4781	1
a2554;3	2553	a2936;2	2935	1
a2517;3	2516	a4084;2	4083	1
a2392;2	2391	a5361;2	5360	1
a1856;2	1855	a5473;2	5472	1
a1432;2	1431	a4494;2	4493	1
a198;2	197	a612;6	611	1
a1182;2	1181	a3621;2	3620	1
a3308;2	3307	a5184;4	5183	1
a1111;2	1110	a2412;2	2411	1
a4373;2	4372	a5179;3	5178	1
a3703;2	3702	a4104;3	4103	1
a1692;8	1691	a1958;2	1957	1
a1400;2	1399	a5303;2	5302	1
a4852;2	4851	a73;3	72	1
a1047;3	1046	a1681;3	1680	1
a1156;2	1155	a2458;2	2457	1
a1809;2	1808	a4924;2	4923	1
a1033;2	1032	a2903;2	2902	1
a1088;3	1087	a2577;2	2576	1
a3431;2	3430	a3913;2	3912	1
a4299;2	4298	a5196;2	5195	1
a2651;2	2650	a4384;2	4383	1
a1828;4	1827	a2317;4	2316	1
a3212;2	3211	a3693;2	3692	1
a4649;8	4648	a771;9	770	1
a245;2	244	a2712;2	2711	1
a1233;3	1232	a3179;3	3178	1
a4767;26	4766	a4854;11	4853	1
a2103;3	2102	a4273;3	4272	1
a392;2	391	a639;2	638	1
a3618;2	3617	a5458;2	5457	1
a2894;4	2893	a4872;2	4871	1
a1592;3	1591	a5307;2	5306	1
a198;2	197	a246;2	245	1
a3078;8	3077	a4052;6	4051	1
a4751;2	4750	a591;2	590	1
a3064;8	3063	a4944;5	4943	1
a4108;2	4107	a4435;2	4434	1
a4052;6	4051	a4204;7	4203	1
a3419;2	3418	a3862;2	3861	1
a2497;2	2496	a2544;2	2543	1
a4782;3	4781	a524;2	523	1
a1299;2	1298	a4570;2	4569	1
a1728;2	1727	a1873;2	1872	1
a1787;2	1786	a3775;2	3774	1
a5457;2	5456	a893;2	892	1
a126;4	125	a2957;2	2956	1
a477;3	476	a582;2	581	1
a1040;6	1039	a778;4	777	1
a3443;2	3442	a865;2	864	1
a3773;3	3772	a41;3	40	1
a1621;2	1620	a373;2	372	1
a1992;2	1991	a2382;2	2381	1
a1598;4	1597	a2819;2	2818	1
a3613;2	3612	a5229;2	5228	1
a1307;2	1306	a5021;2	5020	1
a4345;3	4344	a4369;2	4368	1
a237;2	236	a3179;3	3178	1
a3576;2	3575	a4635;2	4634	1
a2505;4	2504	a714;5	713	1
a1450;2	1449	a5300;2	5299	1
a3014;2	3013	a4579;2	4578	1
a3119;3	3118	a694;2	693	1
a3174;3	3173	a5064;5	5063	1
a3744;2	3743	a4284;2	4283	1
a1093;3	1092	a1307;2	1306	1
a266;3	265	a2933;3	2932	1
a1532;2	1531	a2813;2	2812	1
a3245;2	3244	a3487;4	3486	1
a2251;2	2250	a5404;2	5403	1
a1309;2	1308	a1932;2	1931	1
a1887;2	1886	a3086;2	3085	1
a1279;2	1278	a5222;2	5221	1
a3748;2	3747	a4936;2	4935	1
a1608;5	1607	a4740;5	4739	1
a1066;2	1065	a2070;2	2069	1
a1751;2	1750	a4098;2	4097	1
a2306;2	2305	a2564;2	2563	1
a4214;2	4213	a888;2	887	1
a1166;2	1165	a336;2	335	1
a4517;2	4516	a5365;3	5364	1
a1217;2	1216	a4785;3	4784	1
a1454;2	1453	a3667;2	3666	1
a3536;2	3535	a451;4	450	1
a2019;2	2018	a3751;2	3750	1
a4579;2	4578	a507;2	506	1
a2001;2	2000	a2089;2	2088	1
a2406;3	2405	a3149;2	3148	1
a3109;2	3108	a3557;3	3556	1
a1009;3	1008	a5494;2	5493	1
a3773;3	3772	a5436;2	5435	1
a1614;2	1613	a2766;2	2765	1
a4169;2	4168	a4754;4	4753	1
a1082;3	1081	a384;2	383	1
a2149;2	2148	a2562;2	2561	1
a1778;4	1777	a3221;3	3220	1
a3326;2	3325	a35;2	34	1
a5066;2	5065	a5132;2	5131	1
a3884;2	3883	a5010;3	5009	1
a1751;2	1750	a3472;2	3471	1
a388;2	387	a5129;2	5128	1
a2486;2	2485	a3958;2	3957	1
a4690;2	4689	a4734;5	4733	1
a1458;2	1457	a1805;2	1804	1
a3796;2	3795	a727;2	726	1
a4347;2	4346	a5118;2	5117	1
a1454;2	1453	a3827;2	3826	1
a3200;2	3199	a444;3	443	1
a3104;2	3103	a4551;2	4550	1
a1289;2	1288	a2877;2	2876	1
a5015;3	5014	a5287;2	5286	1
a2222;2	2221	a2486;2	2485	1
a2279;6	2278	a3809;2	3808	1
a4972;2	4971	a620;2	619	1
a1931;2	1930	a4148;2	4147	1
a3782;3	3781	a4735;2	4734	1
a4607;2	4606	a4944;5	4943	1
a5379;2	5378	a946;2	945	1
a2134;2	2133	a3119;3	3118	1
a1757;2	1756	a302;2	301	1
a4668;2	4667	a525;2	524	1
a2724;2	2723	a4170;2	4169	1
a2796;2	2795	a3559;2	3558	1
a269;3	268	a285;2	284	1
a3339;2	3338	a3980;3	3979	1
a228;3	227	a3931;2	3930	1
a4408;2	4407	a990;2	989	1
a443;2	442	a5220;3	5219	1
a1116;2	1115	a942;2	941	1
a2676;2	2675	a3967;2	3966	1
a1206;3	1205	a2933;3	2932	1
a3407;2	3406	a3677;2	3676	1
a2314;2	2313	a904;2	903	1
a1200;2	1199	a1328;3	1327	1
a1693;2	1692	a2045;2	2044	1
a2317;4	2316	a3468;2	3467	1
a3103;2	3102	a511;4	510	1
a2191;3	2190	a4513;2	4512	1
a2694;2	2693	a4358;2	4357	1
a259;5	258	a4054;5	4053	1
a2075;2	2074	a435;2	434	1
a2044;2	2043	a4170;2	4169	1
a2859;2	2858	a327;2	326	1
a4433;2	4432	a852;2	851	1
a2918;2	2917	a5082;2	5081	1
a1862;2	1861	a3174;3	3173	1
a3249;2	3248	a3769;2	3768	1
a161;3	160	a3242;3	3241	1
a2632;2	2631	a5486;2	5485	1
a1931;2	1930	a2869;2	2868	1
a1269;2	1268	a322;2	321	1
a2176;4	2175	a765;4	764	1
a1970;3	1969	a813;5	812	1
a2119;2	2118	a775;2	774	1
a1788;3	1787	a4458;2	4457	1
a1113;2	1112	a4320;2	4319	1
a2777;6	2776	a3363;5	3362	1
a1631;2	1630	a4024;2	4023	1
a1182;2	1181	a887;3	886	1
a3802;2	3801	a495;2	494	1
a1009;3	1008	a2153;2	2152	1
a3010;2	3009	a5140;2	5139	1
a4059;3	4058	a4913;2	4912	1
a3409;5	3408	a76;7	75	1
a3922;2	3921	a4753;2	4752	1
a1806;3	1805	a1902;2	1901	1
a129;2	128	a564;2	563	1
a288;2	287	a3928;2	3927	1
a2225;2	2224	a4246;2	4245	1
a3069;2	3068	a3417;2	3416	1
a1757;2	1756	a427;2	426	1
a3008;2	3007	a632;2	631	1
a3411;3	3410	a4171;2	4170	1
a3356;2	3355	a3460;2	3459	1
a3639;2	3638	a5068;2	5067	1
a1262;2	1261	a2528;2	2527	1
a773;2	772	a96;2	95	1
a213;2	212	a733;2	732	1
a4428;3	4427	a933;3	932	1
a3265;2	3264	a3483;2	3482	1
a4136;3	4135	a5434;3	5433	1
a1070;3	1069	a1166;2	1165	1
a2135;2	2134	a4548;2	4547	1
a2296;4	2295	a4920;2	4919	1
a1358;2	1357	a65;2	64	1
a1984;2	1983	a4907;4	4906	1
a3702;2	3701	a4468;2	4467	1
a2273;3	2272	a4812;2	4811	1
a2061;2	2060	a3910;2	3909	1
a1828;4	1827	a3468;2	3467	1
a1049;2	1048	a1092;2	1091	1
a1097;2	1096	a4146;2	4145	1
a2722;2	2721	a4443;2	4442	1
a4951;2	4950	a951;2	950	1
a2535;2	2534	a728;4	727	1
a2037;2	2036	a315;2	314	1
a4917;2	4916	a5215;2	5214	1
a3530;2	3529	a4823;4	4822	1
a1293;4	1292	a2514;3	2513	1
a2074;2	2073	a3592;2	3591	1
a1075;2	1074	a3370;2	3369	1
a1963;2	1962	a4471;2	4470	1
a2570;2	2569	a604;2	603	1
a2813;2	2812	a4036;3	4035	1
a2009;6	2008	a827;5	826	1
a2019;2	2018	a4482;2	4481	1
a3483;2	3482	a5141;2	5140	1
a2583;2	2582	a4798;3	4797	1
a3207;2	3206	a4623;2	4622	1
a1366;2	1365	a3918;2	3917	1
a4084;2	4083	a5161;2	5160	1
a2327;2	2326	a4535;2	4534	1
a2577;2	2576	a3703;2	3702	1
a1366;2	1365	a5051;3	5050	1
a4650;3	4649	a4870;4	4869	1
a1798;2	1797	a2159;2	2158	1
a3246;2	3245	a4853;2	4852	1
a2516;2	2515	a3826;2	3825	1
a3748;2	3747	a4192;2	4191	1
a2518;4	2517	a5276;2	5275	1
a4517;2	4516	a5205;2	5204	1
a4178;2	4177	a4547;2	4546	1
a1299;2	1298	a2344;2	2343	1
a2513;2	2512	a4971;2	4970	1
a286;2	285	a966;3	965	1
a4033;3	4032	a5313;2	5312	1
a1073;2	1072	a3675;2	3674	1
a3884;2	3883	a4266;2	4265	1
a2023;2	2022	a5100;2	5099	1
a2399;2	2398	a4308;2	4307	1
a3154;2	3153	a5303;2	5302	1
a4102;3	4101	a4563;2	4562	1
a3128;2	3127	a418;4	417	1
a1018;3	1017	a1642;2	1641	1
a598;2	597	a985;2	984	1
a1142;3	1141	a1275;3	1274	1
a2995;2	2994	a5470;3	5469	1
a2602;2	2601	a4089;2	4088	1
a1075;2	1074	a3882;2	3881	1
a2238;2	2237	a2630;3	2629	1
a1141;2	1140	a486;2	485	1
a1341;4	1340	a53;3	52	1
a2062;2	2061	a5246;2	5245	1
a5401;2	5400	a953;2	952	1
a1924;2	1923	a2516;2	2515	1
a801;2	800	a855;4	854	1
a3981;3	3980	a790;2	789	1
a4733;5	4732	a98;18	97	1
a1819;2	1818	a2193;2	2192	1
a194;2	193	a3889;2	3888	1
a3746;2	3745	a4498;2	4497	1
a3726;2	3725	a5138;2	5137	1
a4791;3	4790	a4883;3	4882	1
a169;3	168	a3196;3	3195	1
a2949;2	2948	a642;3	641	1
a1450;2	1449	a2556;2	2555	1
a2845;3	2844	a511;4	510	1
a2019;2	2018	a5014;2	5013	1
a197;2	196	a2084;5	2083	1
a1765;6	1764	a3735;3	3734	1
a2820;10	2819	a4767;26	4766	1
a4213;3	4212	a4400;2	4399	1
a3865;2	3864	a4657;2	4656	1
a3350;2	3349	a5300;2	5299	1
a2796;2	2795	a3909;2	3908	1
a4528;2	4527	a5119;2	5118	1
a4734;5	4733	a86;3	85	1
a2403;3	2402	a4029;2	4028	1
a1356;3	1355	a2094;2	2093	1
a4123;2	4122	a5292;2	5291	1
a2411;2	2410	a3199;3	3198	1
a3728;2	3727	a5161;2	5160	1
a411;2	410	a4300;2	4299	1
a2961;2	2960	a910;2	909	1
a2091;3	2090	a2149;2	2148	1
a2165;2	2164	a3087;2	3086	1
a1900;2	1899	a2190;3	2189	1
a1266;2	1265	a4929;2	4928	1
a2864;2	2863	a699;2	698	1
a2958;3	2957	a3199;3	3198	1
a4900;2	4899	a996;2	995	1
a1910;2	1909	a2423;2	2422	1
a2077;2	2076	a3698;5	3697	1
a1055;3	1054	a3606;2	3605	1
a2706;2	2705	a4467;2	4466	1
a404;2	403	a633;3	632	1
a2772;4	2771	a4563;2	4562	1
a2977;3	2976	a5105;2	5104	1
a336;2	335	a949;3	948	1
a2902;2	2901	a5453;2	5452	1
a4671;2	4670	a5112;2	5111	1
a379;4	378	a580;2	579	1
a1014;3	1013	a2593;4	2592	1
a1370;2	1369	a2991;2	2990	1
a2096;7	2095	a4460;2	4459	1
a4333;2	4332	a5121;3	5120	1
a2784;10	2783	a4933;2	4932	1
a1320;4	1319	a5077;2	5076	1
a1412;2	1411	a2521;2	2520	1
a1745;3	1744	a483;4	482	1
a4688;2	4687	a4710;2	4709	1
a3056;3	3055	a3957;7	3956	1
a1010;2	1009	a3577;2	3576	1
a2507;2	2506	a465;2	464	1
a2434;2	2433	a4631;2	4630	1
a4541;3	4540	a882;2	881	1
a1815;5	1814	a4823;4	4822	1
a1548;3	1547	a2888;2	2887	1
a3851;2	3850	a5188;2	5187	1
a4660;2	4659	a5253;2	5252	1
a1718;2	1717	a3125;2	3124	1
a4677;2	4676	a699;2	698	1
a2359;2	2358	a4416;2	4415	1
a1442;3	1441	a4745;5	4744	1
a5147;2	5146	a546;3	545	1
a129;2	128	a663;2	662	1
a3918;2	3917	a5312;2	5311	1
a1578;5	1577	a87;2	86	1
a430;2	429	a5266;2	5265	1
a2477;2	2476	a5035;2	5034	1
a1776;3	1775	a2995;2	2994	1
a2437;2	2436	a2456;3	2455	1
a5185;2	5184	a5269;2	5268	1
a1314;2	1313	a5121;3	5120	1
a2238;2	2237	a4836;2	4835	1
a2545;2	2544	a5251;2	5250	1
a1845;3	1844	a466;3	465	1
a1239;2	1238	a4110;2	4109	1
a3003;4	3002	a834;3	833	1
a1825;2	1824	a328;2	327	1
a1441;2	1440	a2889;2	2888	1
a2890;2	2889	a5040;2	5039	1
a3686;2	3685	a3968;2	3967	1
a4434;2	4433	a620;2	619	1
a1206;3	1205	a2013;7	2012	1
a2259;2	2258	a46;2	45	1
a2876;3	2875	a3176;2	3175	1
a2419;3	2418	a5278;2	5277	1
a4185;2	4184	a4216;2	4215	1
a2507;2	2506	a4523;2	4522	1
a394;2	393	a5148;2	5147	1
a1941;3	1940	a4373;2	4372	1
a1228;2	1227	a5317;2	5316	1
a2801;3	2800	a5309;2	5308	1
a2940;3	2939	a4996;3	4995	1
a1228;2	1227	a1687;2	1686	1
a3954;3	3953	a4773;7	4772	1
a3639;2	3638	a975;2	974	1
a3406;2	3405	a4440;3	4439	1
a4096;2	4095	a4420;2	4419	1
a2946;2	2945	a884;2	883	1
a1018;3	1017	a4801;4	4800	1
a3199;3	3198	a3325;3	3324	1
a1048;3	1047	a4025;2	4024	1
a2041;2	2040	a3964;2	3963	1
a5194;2	5193	a699;2	698	1
a2972;3	2971	a491;3	490	1
a1594;3	1593	a79;2	78	1
a2619;2	2618	a5171;2	5170	1
a4135;3	4134	a4813;3	4812	1
a3731;2	3730	a5042;2	5041	1
a1960;3	1959	a5225;2	5224	1
a3498;2	3497	a4956;3	4955	1
a1671;2	1670	a4207;2	4206	1
a3168;5	3167	a4052;6	4051	1
a3640;2	3639	a522;6	521	1
a263;2	262	a5469;2	5468	1
a417;2	416	a5092;5	5091	1
a3523;2	3522	a5371;2	5370	1
a2854;2	2853	a4448;2	4447	1
a2858;5	2857	a5168;3	5167	1
a223;2	222	a4236;2	4235	1
a2268;2	2267	a3692;2	3691	1
a4515;5	4514	a5276;2	5275	1
a2648;2	2647	a2833;2	2832	1
a3256;3	3255	a804;10	803	1
a4322;2	4321	a608;2	607	1
a2087;3	2086	a3151;3	3150	1
a1480;2	1479	a2301;2	2300	1
a1982;2	1981	a449;2	448	1
a2683;2	2682	a5021;2	5020	1
a1015;2	1014	a1617;2	1616	1
a1320;4	1319	a3203;2	3202	1
a2845;3	2844	a3103;2	3102	1
a3450;4	3449	a3866;2	3865	1
a3684;3	3683	a4738;3	4737	1
a2936;2	2935	a4002;2	4001	1
a3340;2	3339	a852;2	851	1
a1142;3	1141	a2809;2	2808	1
a2225;2	2224	a4883;3	4882	1
a2310;2	2309	a3045;2	3044	1
a3085;2	3084	a4785;3	4784	1
a109;3	108	a3752;2	3751	1
a4031;2	4030	a5133;2	5132	1
a3794;2	3793	a69;2	68	1
a2897;2	2896	a3173;3	3172	1
a1833;2	1832	a2879;11	2878	1
a2586;2	2585	a4454;2	4453	1
a2917;2	2916	a5384;4	5383	1
a1694;2	1693	a3096;4	3095	1
a1826;2	1825	a3200;2	3199	1
a1222;2	1221	a4580;2	4579	1
a2160;2	2159	a4099;2	4098	1
a3427;2	3426	a92;2	91	1
a4333;2	4332	a808;2	807	1
a2631;7	2630	a2844;4	2843	1
a4773;7	4772	a589;5	588	1
a1059;4	1058	a143;2	142	1
a3227;2	3226	a5387;2	5386	1
a1939;3	1938	a2481;2	2480	1
a2984;2	2983	a5280;2	5279	1
a1064;2	1063	a523;2	522	1
a2698;3	2697	a3120;3	3119	1
a1448;4	1447	a1639;3	1638	1
a4433;2	4432	a5419;2	5418	1
a3013;2	3012	a4754;4	4753	1
a2102;2	2101	a5145;2	5144	1
a4180;2	4179	a615;4	614	1
a3219;3	3218	a810;2	809	1
a393;2	392	a4497;2	4496	1
a1962;12	1961	a3401;2	3400	1
a1224;2	1223	a681;2	680	1
a1476;2	1475	a1683;2	1682	1
a2627;2	2626	a81;3	80	1
a1368;2	1367	a42;6	41	1
a1580;4	1579	a3266;4	3265	1
a2977;3	2976	a864;2	863	1
a3364;2	3363	a5138;2	5137	1
a213;2	212	a3086;2	3085	1
a1451;2	1450	a2729;2	2728	1
a1403;2	1402	a1847;2	1846	1
a2378;2	2377	a732;2	731	1
a1175;3	1174	a3098;2	3097	1
a1161;3	1160	a5207;3	5206	1
a2091;3	2090	a3645;2	3644	1
a2301;2	2300	a296;2	295	1
a153;2	152	a4297;2	4296	1
a791;2	790	a944;2	943	1
a378;2	377	a4796;2	4795	1
a2370;2	2369	a4260;3	4259	1
a1413;2	1412	a585;2	584	1
a1909;2	1908	a511;4	510	1
a2814;4	2813	a2957;2	2956	1
a2962;2	2961	a5220;3	5219	1
a1210;2	1209	a3341;3	3340	1
a2317;4	2316	a4863;3	4862	1
a3858;2	3857	a4962;2	4961	1
a1306;2	1305	a816;3	815	1
a3823;2	3822	a5180;2	5179	1
a2871;2	2870	a3000;6	2999	1
a2310;2	2309	a3556;2	3555	1
a1939;3	1938	a3972;2	3971	1
a2158;2	2157	a469;2	468	1
a4463;3	4462	a4771;3	4770	1
a4105;3	4104	a4160;2	4159	1
a2323;2	2322	a3680;2	3679	1
a295;2	294	a645;2	644	1
a3271;2	3270	a4138;2	4137	1
a2841;8	2840	a3263;11	3262	1
a2942;4	2941	a3570;7	3569	1
a1760;2	1759	a2815;2	2814	1
a3436;2	3435	a5;2	4	1
a1993;2	1992	a285;2	284	1
a2548;2	2547	a4030;2	4029	1
a2402;3	2401	a3215;3	3214	1
a1754;2	1753	a4641;2	4640	1
a1887;2	1886	a213;2	212	1
a3313;2	3312	a3440;2	3439	1
a2552;2	2551	a4166;2	4165	1
a4438;2	4437	a5279;2	5278	1
a207;2	206	a971;3	970	1
a3537;3	3536	a3541;3	3540	1
a4622;3	4621	a664;2	663	1
a2091;3	2090	a3122;4	3121	1
a2252;2	2251	a526;2	525	1
a3531;2	3530	a664;2	663	1
a3991;7	3990	a581;2	580	1
a596;2	595	a719;2	718	1
a2550;2	2549	a4459;2	4458	1
a1314;2	1313	a3439;2	3438	1
a1198;2	1197	a30;3	29	1
a3623;2	3622	a3936;2	3935	1
a3717;2	3716	a5108;2	5107	1
a5107;2	5106	a958;2	957	1
a2452;2	2451	a85;4	84	1
a166;2	165	a2474;2	2473	1
a2970;2	2969	a3512;3	3511	1
a1935;3	1934	a5400;5	5399	1
a3866;2	3865	a87;2	86	1
a1322;5	1321	a2008;2	2007	1
a4243;2	4242	a4871;4	4870	1
a3248;2	3247	a647;3	646	1
a1850;2	1849	a4257;2	4256	1
a2082;2	2081	a4957;3	4956	1
a1115;2	1114	a65;2	64	1
a3967;2	3966	a69;2	68	1
a3368;3	3367	a4165;4	4164	1
a503;2	502	a507;2	506	1
a2468;2	2467	a5157;2	5156	1
a3262;3	3261	a428;2	427	1
a1354;2	1353	a2719;2	2718	1
a3751;2	3750	a5014;2	5013	1
a2984;2	2983	a5365;3	5364	1
a1006;3	1005	a4822;4	4821	1
a1406;2	1405	a897;3	896	1
a2539;4	2538	a534;2	533	1
a2568;2	2567	a343;3	342	1
a4585;2	4584	a5291;2	5290	1
a167;2	166	a3308;2	3307	1
a1113;2	1112	a3104;2	3103	1
a3109;2	3108	a3302;2	3301	1
a4433;2	4432	a519;2	518	1
a566;2	565	a889;2	888	1
a1199;2	1198	a3562;2	3561	1
a1122;3	1121	a2990;2	2989	1
a3034;2	3033	a57;2	56	1
a1897;3	1896	a3522;3	3521	1
a4410;2	4409	a5148;2	5147	1
a2395;2	2394	a3523;2	3522	1
a4345;3	4344	a4575;2	4574	1
a3282;4	3281	a50;2	49	1
a1884;2	1883	a5468;2	5467	1
a1457;2	1456	a3115;2	3114	1
a3388;2	3387	a698;2	697	1
a2294;2	2293	a5272;2	5271	1
a4108;2	4107	a4586;3	4585	1
a2851;5	2850	a4123;2	4122	1
a2258;3	2257	a4109;3	4108	1
a1111;2	1110	a4085;2	4084	1
a1845;3	1844	a3046;4	3045	1
a3451;2	3450	a981;2	980	1
a3986;2	3985	a4869;2	4868	1
a2867;6	2866	a704;2	703	1
a2106;2	2105	a2313;2	2312	1
a1104;2	1103	a74;2	73	1
a2621;2	2620	a4290;3	4289	1
a152;2	151	a3741;2	3740	1
a133;2	132	a356;2	355	1
a30;3	29	a5092;5	5091	1
a178;2	177	a1972;2	1971	1
a4109;3	4108	a653;2	652	1
a1698;2	1697	a2126;3	2125	1
a1308;2	1307	a980;3	979	1
a1020;2	1019	a1366;2	1365	1
a1314;2	1313	a694;2	693	1
a329;2	328	a4858;2	4857	1
a1666;2	1665	a2032;3	2031	1
a3354;2	3353	a3904;2	3903	1
a1056;2	1055	a1215;2	1214	1
a2071;2	2070	a2905;2	2904	1
a1172;2	1171	a1478;3	1477	1
a229;2	228	a234;2	233	1
a1675;3	1674	a3325;3	3324	1
a1080;2	1079	a3092;2	3091	1
a175;6	174	a2398;3	2397	1
a2876;3	2875	a3777;2	3776	1
a362;2	361	a525;2	524	1
a5245;2	5244	a5323;2	5322	1
a4370;2	4369	a906;2	905	1
a2022;3	2021	a3487;4	3486	1
a1927;3	1926	a768;7	767	1
a1958;2	1957	a581;2	580	1
a3046;4	3045	a4169;2	4168	1
a4841;2	4840	a810;2	809	1
a4782;3	4781	a5168;3	5167	1
a2546;2	2545	a4829;2	4828	1
a43;2	42	a4624;2	4623	1
a1876;3	1875	a1917;3	1916	1
a1697;2	1696	a602;2	601	1
a2280;2	2279	a4519;2	4518	1
a3575;2	3574	a5221;2	5220	1
a3285;4	3284	a4045;2	4044	1
a3039;2	3038	a3677;2	3676	1
a1718;2	1717	a4477;2	4476	1
a114;2	113	a3267;2	3266	1
a479;2	478	a5320;2	5319	1
a3530;2	3529	a4937;3	4936	1
a4813;3	4812	a4884;3	4883	1
a1507;2	1506	a2607;3	2606	1
a2039;2	2038	a4245;2	4244	1
a2269;2	2268	a891;2	890	1
a338;2	337	a4208;2	4207	1
a3776;3	3775	a5466;2	5465	1
a1981;2	1980	a4702;2	4701	1
a1307;2	1306	a1364;2	1363	1
a2628;2	2627	a3456;2	3455	1
a1437;2	1436	a2451;2	2450	1
a358;12	357	a4767;26	4766	1
a1905;2	1904	a4019;2	4018	1
a2565;7	2564	a644;2	643	1
a4455;2	4454	a5289;2	5288	1
a45;2	44	a5095;3	5094	1
a1829;2	1828	a2724;2	2723	1
a2418;2	2417	a4358;2	4357	1
a3813;2	3812	a4983;2	4982	1
a3640;2	3639	a3868;2	3867	1
a3445;2	3444	a4921;2	4920	1
a2572;5	2571	a2719;2	2718	1
a2291;2	2290	a4960;2	4959	1
a158;2	157	a4309;3	4308	1
a155;4	154	a3184;2	3183	1
a1578;5	1577	a2446;2	2445	1
a1775;2	1774	a4568;2	4567	1
a3700;2	3699	a463;2	462	1
a4169;2	4168	a466;3	465	1
a5316;2	5315	a5455;2	5454	1
a2130;2	2129	a4482;2	4481	1
a1106;2	1105	a5083;2	5082	1
a3620;3	3619	a4495;2	4494	1
a1035;4	1034	a3665;2	3664	1
a2078;2	2077	a4662;2	4661	1
a1114;2	1113	a2988;6	2987	1
a2311;2	2310	a2906;2	2905	1
a1496;2	1495	a3163;2	3162	1
a3701;2	3700	a4851;3	4850	1
a2269;2	2268	a3844;2	3843	1
a2951;11	2950	a3113;4	3112	1
a1833;2	1832	a771;9	770	1
a3619;3	3618	a5003;3	5002	1
a4320;2	4319	a4551;2	4550	1
a1422;2	1421	a3723;2	3722	1
a2956;2	2955	a3855;2	3854	1
a2459;2	2458	a4708;2	4707	1
a1613;7	1612	a5498;4	5497	1
a5246;2	5245	a5276;2	5275	1
a1208;2	1207	a5421;2	5420	1
a2220;2	2219	a2333;2	2332	1
a1846;2	1845	a2661;2	2660	1
a1225;2	1224	a1443;2	1442	1
a3220;2	3219	a5002;3	5001	1
a1048;3	1047	a4837;2	4836	1
a2502;3	2501	a2716;2	2715	1
a1957;2	1956	a2700;2	2699	1
a4167;3	4166	a4674;2	4673	1
a2872;5	2871	a4382;3	4381	1
a3643;2	3642	a3778;2	3777	1
a2794;4	2793	a3098;2	3097	1
a2198;2	2197	a3954;3	3953	1
a1923;2	1922	a5178;2	5177	1
a3008;2	3007	a535;2	534	1
a3339;2	3338	a5466;2	5465	1
a283;2	282	a984;2	983	1
a2659;2	2658	a3501;2	3500	1
a3654;3	3653	a4340;2	4339	1
a2303;2	2302	a5016;2	5015	1
a462;11	461	a4800;4	4799	1
a1067;2	1066	a2138;2	2137	1
a1949;3	1948	a813;5	812	1
a4328;2	4327	a739;2	738	1
a4661;2	4660	a4752;3	4751	1
a394;2	393	a4119;3	4118	1
a1901;5	1900	a3;5	2	1
a2311;2	2310	a3439;2	3438	1
a35;2	34	a927;2	926	1
a2149;2	2148	a4792;2	4791	1
a1249;3	1248	a282;7	281	1
a3754;2	3753	a4125;2	4124	1
a3148;2	3147	a4340;2	4339	1
a1854;3	1853	a710;2	709	1
a2627;2	2626	a4916;5	4915	1
a251;3	250	a510;2	509	1
a103;2	102	a437;4	436	1
a1066;2	1065	a2686;2	2685	1
a2282;5	2281	a5168;3	5167	1
a286;2	285	a858;3	857	1
a1350;2	1349	a2314;2	2313	1
a2104;2	2103	a543;2	542	1
a2687;2	2686	a3150;2	3149	1
a1987;2	1986	a2664;2	2663	1
a384;2	383	a3978;9	3977	1
a1578;5	1577	a3866;2	3865	1
a1296;2	1295	a5479;2	5478	1
a1214;3	1213	a1765;6	1764	1
a247;2	246	a3103;2	3102	1
a4515;5	4514	a5246;2	5245	1
a2881;4	2880	a933;3	932	1
a1969;2	1968	a3033;2	3032	1
a2237;2	2236	a3556;2	3555	1
a4200;2	4199	a5075;2	5074	1
a493;2	492	a4963;2	4962	1
a1060;2	1059	a3443;2	3442	1
a17;7	16	a3085;2	3084	1
a2040;2	2039	a3086;2	3085	1
a1422;2	1421	a4846;2	4845	1
a3591;2	3590	a561;2	560	1
a2553;2	2552	a445;3	444	1
a2745;2	2744	a3925;2	3924	1
a1014;3	1013	a4673;3	4672	1
a1213;2	1212	a821;3	820	1
a1453;2	1452	a2812;2	2811	1
a262;2	261	a4940;2	4939	1
a4081;3	4080	a5041;2	5040	1
a1246;2	1245	a4761;3	4760	1
a1516;4	1515	a246;2	245	1
a1911;4	1910	a812;8	811	1
a2810;3	2809	a4511;2	4510	1
a167;2	166	a3691;3	3690	1
a3180;2	3179	a4871;4	4870	1
a3806;2	3805	a5421;2	5420	1
a1711;4	1710	a947;5	946	1
a1577;5	1576	a2423;2	2422	1
a3715;2	3714	a4500;2	4499	1
a3278;2	3277	a4528;2	4527	1
a310;2	309	a704;2	703	1
a2312;2	2311	a5314;3	5313	1
a1912;2	1911	a4662;2	4661	1
a1176;3	1175	a3436;2	3435	1
a1788;3	1787	a65;2	64	1
a1475;3	1474	a3756;2	3755	1
a590;2	589	a633;3	632	1
a186;2	185	a4595;2	4594	1
a2483;2	2482	a346;2	345	1
a3119;3	3118	a5121;3	5120	1
a1883;6	1882	a4798;3	4797	1
a4431;2	4430	a682;2	681	1
a1700;4	1699	a4056;2	4055	1
a1412;2	1411	a3730;2	3729	1
a3506;5	3505	a5309;2	5308	1
a2015;2	2014	a4101;2	4100	1
a2362;2	2361	a98;18	97	1
a1179;2	1178	a1467;2	1466	1
a5084;2	5083	a632;2	631	1
a173;3	172	a4505;2	4504	1
a2318;2	2317	a33;2	32	1
a2252;2	2251	a5071;2	5070	1
a3500;12	3499	a4428;3	4427	1
a3415;2	3414	a5341;3	5340	1
a32;3	31	a981;2	980	1
a3616;2	3615	a472;2	471	1
a425;2	424	a927;2	926	1
a2080;2	2079	a2371;3	2370	1
a3788;2	3787	a4904;2	4903	1
a3377;2	3376	a3603;2	3602	1
a3131;2	3130	a3386;2	3385	1
a1981;2	1980	a2122;2	2121	1
a3843;2	3842	a553;2	552	1
a2693;2	2692	a5486;2	5485	1
a2816;3	2815	a4664;2	4663	1
a2924;2	2923	a4976;2	4975	1
a3002;5	3001	a4781;5	4780	1
a1123;2	1122	a2022;3	2021	1
a1061;2	1060	a74;2	73	1
a4757;3	4756	a5066;2	5065	1
a2983;2	2982	a5120;2	5119	1
a2377;5	2376	a4193;2	4192	1
a3236;2	3235	a3448;2	3447	1
a3667;2	3666	a409;4	408	1
a1334;9	1333	a87;2	86	1
a2963;2	2962	a3193;3	3192	1
a2995;2	2994	a3649;3	3648	1
a172;2	171	a5003;3	5002	1
a231;2	230	a237;2	236	1
a1511;2	1510	a4356;2	4355	1
a4645;6	4644	a4919;7	4918	1
a3960;3	3959	a5436;2	5435	1
a1367;2	1366	a4370;2	4369	1
a3514;2	3513	a4737;2	4736	1
a1714;4	1713	a1991;2	1990	1
a2220;2	2219	a3046;4	3045	1
a684;2	683	a912;2	911	1
a164;2	163	a2803;3	2802	1
a1687;2	1686	a977;2	976	1
a1080;2	1079	a376;2	375	1
a2947;5	2946	a3150;2	3149	1
a1805;2	1804	a3465;3	3464	1
a519;2	518	a5419;2	5418	1
a30;3	29	a768;7	767	1
a3533;2	3532	a5507;2	5506	1
a5368;2	5367	a687;2	686	1
a1042;2	1041	a4962;2	4961	1
a3634;2	3633	a5170;2	5169	1
a1902;2	1901	a2501;5	2500	1
a1237;2	1236	a726;2	725	1
a2437;2	2436	a2725;4	2724	1
a3165;3	3164	a770;4	769	1
a2352;2	2351	a5496;2	5495	1
a4415;2	4414	a546;3	545	1
a1872;2	1871	a3548;2	3547	1
a3278;2	3277	a5119;2	5118	1
a2119;2	2118	a789;2	788	1
a1157;2	1156	a3277;2	3276	1
a2453;2	2452	a3427;2	3426	1
a2698;3	2697	a5254;4	5253	1
a187;3	186	a942;2	941	1
a1645;3	1644	a50;2	49	1
a3013;2	3012	a3418;3	3417	1
a1657;2	1656	a4434;2	4433	1
a4607;2	4606	a804;10	803	1
a3049;3	3048	a788;2	787	1
a2409;2	2408	a562;2	561	1
a2193;2	2192	a4403;2	4402	1
a1182;2	1181	a133;2	132	1
a3009;2	3008	a864;2	863	1
a3079;2	3078	a5041;2	5040	1
a2318;2	2317	a3865;2	3864	1
a1257;2	1256	a2187;2	2186	1
a1675;3	1674	a2411;2	2410	1
a2064;4	2063	a399;4	398	1
a1371;3	1370	a4241;2	4240	1
a2070;2	2069	a3529;2	3528	1
a2573;2	2572	a3885;2	3884	1
a2921;2	2920	a3214;3	3213	1
a1678;2	1677	a2393;2	2392	1
a3180;2	3179	a4243;2	4242	1
a2086;2	2085	a4066;5	4065	1
a1894;2	1893	a3125;2	3124	1
a1979;2	1978	a4081;3	4080	1
a4135;3	4134	a890;2	889	1
a3343;3	3342	a4903;2	4902	1
a1179;2	1178	a4039;2	4038	1
a2781;3	2780	a4545;2	4544	1
a3202;5	3201	a3774;3	3773	1
a3833;2	3832	a4494;2	4493	1
a2804;2	2803	a5136;2	5135	1
a1633;4	1632	a3855;2	3854	1
a4069;19	4068	a5048;13	5047	1
a2610;2	2609	a4397;2	4396	1
a2698;3	2697	a3638;3	3637	1
a2326;2	2325	a3787;2	3786	1
a3339;2	3338	a3638;3	3637	1
a3334;2	3333	a4585;2	4584	1
a2084;5	2083	a30;3	29	1
a1578;5	1577	a3450;4	3449	1
a2630;3	2629	a42;6	41	1
a1996;2	1995	a2050;2	2049	1
a3439;2	3438	a808;2	807	1
a3665;2	3664	a4856;2	4855	1
a2507;2	2506	a2700;2	2699	1
a3572;2	3571	a545;2	544	1
a4797;3	4796	a794;4	793	1
a3079;2	3078	a4081;3	4080	1
a1668;2	1667	a5173;2	5172	1
a2943;2	2942	a41;3	40	1
a5167;2	5166	a5246;2	5245	1
a1927;3	1926	a197;2	196	1
a1805;2	1804	a2834;2	2833	1
a1480;2	1479	a2976;2	2975	1
